1 -5539.73777763872 -115.090529789086 40.3241832458434 -873.534412349386 -1305.02739269645
1 -115.090529789086 -2752.67773939447 75.8541207090957 -14.1543775455943 251.000493946663
1 40.3241832458434 75.8541207090957 -2787.05559512105 5.3930687471393 -78.1635089310839
1 -873.534412349386 -14.1543775455943 5.3930687471393 -144.000836684199 -215.998187826472
1 -1305.02739269645 251.000493946663 -78.1635089310839 -215.998187826472 -359.992962117417
1 -6017.97760042189 109.443530945441 -17.1600222103052 -910.88522491134 -1377.76083465724
1 109.443530945441 -2830.43264126093 -208.702553933904 2.59627715593069 268.909973087261
1 -17.1600222103052 -208.702553933904 -3187.53912321768 -2.71001681539929 -61.4097603559571
1 -910.88522491134 2.59627715593069 -2.71001681539929 -143.999952769036 -215.999949105594
1 -1377.76083465724 268.909973087261 -61.4097603559571 -215.999949105594 -360.0000137709
1 -6182.65185249811 -27.8061227731996 17.4266978092419 -925.218080311652 -1386.39279481367
1 -27.8061227731996 -3058.46290763157 82.1745452554978 -6.66994371556484 270.610236874802
1 17.4266978092419 82.1745452554978 -3124.18259936464 -0.366643732263583 -109.532487002184
1 -925.218080311652 -6.66994371556484 -0.366643732263583 -143.999003483941 -215.998576067022
1 -1386.39279481367 270.610236874802 -109.532487002184 -215.998576067022 -359.997793239586
1 -4984.49063941564 176.226889578857 -53.1397589043081 -826.2677483728 -1252.7962799993
1 176.226889578857 -2559.28080316892 59.0063934282625 12.6370420900912 283.574364274841
1 -53.1397589043081 59.0063934282625 -2425.20663286427 3.0676964399845 -71.1583392956072
1 -826.2677483728 12.6370420900912 3.0676964399845 -143.949336091964 -215.931355214138
1 -1252.7962799993 283.574364274841 -71.1583392956072 -215.931355214138 -359.895465322779
1 -6684.7766547653 152.960615807274 -42.9242294188725 -963.628953670082 -1452.48046408142
1 152.960615807274 -3302.69349332468 139.089573210072 14.346844771751 318.622559291271
1 -42.9242294188725 139.089573210072 -3382.07547868308 -8.1493371766328 -115.648395095036
1 -963.628953670082 14.346844771751 -8.1493371766328 -144.000349479256 -216.000523103332
1 -1452.48046408142 318.622559291271 -115.648395095036 -216.000523103332 -360.000942322358
1 -6436.63959890262 178.346533601825 -54.3989301036163 -942.690285015146 -1429.77533857902
1 178.346533601825 -3404.26247771575 64.1746888732087 5.41174135548772 324.069331284704
1 -54.3989301036163 64.1746888732087 -3032.3699034227 -3.44767018134462 -76.1364565704525
1 -942.690285015146 5.41174135548772 -3.44767018134462 -143.998900966835 -215.997746842334
1 -1429.77533857902 324.069331284704 -76.1364565704525 -215.997746842334 -359.995510578415
1 -6518.13177429261 37.8906063005502 -4.46347591775975 -951.079857550496 -1430.19026661406
1 37.8906063005502 -3389.08874069688 -137.524822818591 -3.6616256942068 306.517649399041
1 -4.46347591775975 -137.524822818591 -3129.0357083904 -4.59963116128392 -46.1858955418393
1 -951.079857550496 -3.6616256942068 -4.59963116128392 -144.000292344515 -216.000427499807
1 -1430.19026661406 306.517649399041 -46.1858955418393 -216.000427499807 -360.000769838109
1 -7370.33265897935 -349.353646640793 93.4694939900282 -1012.5682810127 -1498.16295893856
1 -349.353646640793 -3741.21722863663 219.354656806559 -20.6252450283273 288.087688048222
1 93.4694939900282 219.354656806559 -3629.10518494175 6.681797458441 -104.940232148465
1 -1012.5682810127 -20.6252450283273 6.681797458441 -143.997806475227 -215.995557113047
1 -1498.16295893856 288.087688048222 -104.940232148465 -215.995557113047 -359.991130451931
1 -6371.08092958272 288.754473260155 -73.8053852273879 -938.876304900305 -1427.73190434298
1 288.754473260155 -3298.95975524153 64.9087378548074 14.2182792046697 323.300853764863
1 -73.8053852273879 64.9087378548074 -3072.1143743051 -12.3952659407678 -113.68034350312
1 -938.876304900305 14.2182792046697 -12.3952659407678 -143.997537037421 -215.994839919631
1 -1427.73190434298 323.300853764863 -113.68034350312 -215.994839919631 -359.989517747294
1 -6654.93362404845 155.444844480712 -38.1991123532543 -961.381505163672 -1448.97413433398
1 155.444844480712 -3034.88807287522 65.5074881308337 14.7313133709304 288.464903412944
1 -38.1991123532543 65.5074881308337 -3620.03798439048 0.879828377264857 -114.156897367934
1 -961.381505163672 14.7313133709304 0.879828377264857 -143.99999389525 -215.999997379868
1 -1448.97413433398 288.464903412944 -114.156897367934 -215.999997379868 -360.000076383926
1 -6148.75963643158 -52.9836731857358 9.92377958652924 -921.157420016527 -1380.13238940005
1 -52.9836731857358 -3108.69096063016 28.4978753626319 -8.63845814080832 271.552365127548
1 9.92377958652924 28.4978753626319 -3040.0625452387 -6.75917630132972 -108.608773835783
1 -921.157420016527 -8.63845814080832 -6.75917630132972 -143.996274374558 -215.994571490796
1 -1380.13238940005 271.552365127548 -108.608773835783 -215.994571490796 -359.991237743884
1 -6214.33461731158 442.185673037443 -160.982124413067 -926.525800934996 -1417.96136148287
1 442.185673037443 -2903.18434387871 104.242529161525 39.5669656114706 323.913803953246
1 -160.982124413067 104.242529161525 -3311.14392675147 -2.04370707734824 -123.824064914402
1 -926.525800934996 39.5669656114706 -2.04370707734824 -143.999997789024 -216.000001884709
1 -1417.96136148287 323.913803953246 -123.824064914402 -216.000001884709 -360.000082068268
1 -5524.19875891275 -147.779792847302 66.9872715519659 -872.665391309368 -1295.36976811551
1 -147.779792847302 -2741.39962385078 43.0510995172995 -4.06970758959346 259.542810724156
1 66.9872715519659 43.0510995172995 -2782.79469230114 10.634212117111 -80.7946112395541
1 -872.665391309368 -4.06970758959346 10.634212117111 -144.001828971341 -215.999344490569
1 -1295.36976811551 259.542810724156 -80.7946112395541 -215.999344490569 -359.994447556744
1 -7804.73447812824 508.793485010983 -125.455006610764 -1041.48539262638 -1588.13830409343
1 508.793485010983 -4120.09299493832 -92.2174871789139 39.6734537275734 403.921388866024
1 -125.455006610764 -92.2174871789139 -3684.62941602843 -6.72204723173309 -65.909080312565
1 -1041.48539262638 39.6734537275734 -6.72204723173309 -143.974623867393 -215.979488757512
1 -1588.13830409343 403.921388866024 -65.909080312565 -215.979488757512 -359.98929055836
1 -4535.60974795408 337.874282429595 -66.4075552379018 -787.359433978452 -1206.36228231774
1 337.874282429595 -2354.30272311277 -13.5520982311732 30.2081363052764 302.714030414819
1 -66.4075552379018 -13.5520982311732 -2181.30469202293 2.88058176067807 -54.0974854210674
1 -787.359433978452 30.2081363052764 2.88058176067807 -143.999921483839 -215.999863769412
1 -1206.36228231774 302.714030414819 -54.0974854210674 -215.999863769412 -359.99982032564
1 -6654.764192632 49.9105993299054 11.1946040561861 -961.671832428124 -1442.81645730615
1 49.9105993299054 -3361.63278313961 152.929227951404 7.44417770448536 310.141001065745
1 11.1946040561861 152.929227951404 -3293.12399225046 0.317672331107133 -104.537665251314
1 -961.671832428124 7.44417770448536 0.317672331107133 -143.99925535713 -216.014006575449
1 -1442.81645730615 310.141001065745 -104.537665251314 -216.014006575449 -360.043581068226
1 -6067.90550828862 436.510315900307 -156.914381847173 -915.782093379391 -1404.46694879515
1 436.510315900307 -3072.13631646164 171.965821493814 29.5040557105608 331.236035151505
1 -156.914381847173 171.965821493814 -2995.76328211515 -13.6381447575218 -132.674756653017
1 -915.782093379391 29.5040557105608 -13.6381447575218 -144.000400901234 -216.000632725866
1 -1404.46694879515 331.236035151505 -132.674756653017 -216.000632725866 -360.001168388635
1 -4484.42984698261 5.32522883389674 -18.6649699642771 -784.164920190733 -1176.1802690593
1 5.32522883389674 -2123.86129089737 -60.6643858915845 3.50169756302421 230.939168769595
1 -18.6649699642771 -60.6643858915845 -2360.56632449788 -4.31906110520686 -73.8480198521074
1 -784.164920190733 3.50169756302421 -4.31906110520686 -144.000271589562 -216.000455630194
1 -1176.1802690593 230.939168769595 -73.8480198521074 -216.000455630194 -360.00089571786
1 -4784.05408844651 43.5795120523608 -18.8920260484338 -809.588276261763 -1213.91646768032
1 43.5795120523608 -2275.09712689056 96.2882767439055 5.15124783362353 240.396267905396
1 -18.8920260484338 96.2882767439055 -2508.95412339247 -10.3682001935113 -129.95269931082
1 -809.588276261763 5.15124783362353 -10.3682001935113 -143.946857932065 -215.920136490411
1 -1213.91646768032 240.396267905396 -129.95269931082 -215.920136490411 -359.866765585082
1 -6072.3035721395 -132.734112511912 50.6826812411987 -916.793350128842 -1367.26294632084
1 -132.734112511912 -3016.04895420837 -13.7254813310506 -9.99089497355499 269.160615864905
1 50.6826812411987 -13.7254813310506 -3056.24875608146 7.97110552497315 -61.8054113914468
1 -916.793350128842 -9.99089497355499 7.97110552497315 -143.999875788836 -215.999817875456
1 -1367.26294632084 269.160615864905 -61.8054113914468 -215.999817875456 -359.999774040887
1 -7491.06758539142 -313.170892979997 104.781505740448 -1021.04604285103 -1511.06010554969
1 -313.170892979997 -3888.71600412699 427.909997057441 -18.0906090747612 300.805164258122
1 104.781505740448 427.909997057441 -3602.34118191727 2.32154557977537 -144.549024810203
1 -1021.04604285103 -18.0906090747612 2.32154557977537 -144.000647168241 -216.001072445238
1 -1511.06010554969 300.805164258122 -144.549024810203 -216.001072445238 -360.001994991421
1 -6616.18792517515 -203.717726037667 35.2303733279768 -958.743108718352 -1424.0968522472
1 -203.717726037667 -3427.29612638948 -42.9767718230778 -9.45464725532474 297.91219724018
1 35.2303733279768 -42.9767718230778 -3188.88429201536 5.98251655503645 -59.3355423319508
1 -958.743108718352 -9.45464725532474 5.98251655503645 -143.997924027417 -215.995527426571
1 -1424.0968522472 297.91219724018 -59.3355423319508 -215.995527426571 -359.990806202859
1 -6136.46851457617 -31.6205222574695 -7.84674669063179 -921.966420200704 -1384.24750158705
1 -31.6205222574695 -3174.1818040274 108.690832433922 -10.1090688957584 287.273303868574
1 -7.84674669063179 108.690832433922 -2962.28064770077 0.271096578075003 -70.8062428209644
1 -921.966420200704 -10.1090688957584 0.271096578075003 -144.000092291208 -215.998754171665
1 -1384.24750158705 287.273303868574 -70.8062428209644 -215.998754171665 -359.996149938979
1 -7125.64367758262 405.17628603709 -135.823068703189 -995.081875331039 -1519.61198473316
1 405.17628603709 -3361.5122421935 18.995454610149 29.2331760078923 330.472217996203
1 -135.823068703189 18.995454610149 -3764.12224380829 -5.00311216455884 -112.262263364471
1 -995.081875331039 29.2331760078923 -5.00311216455884 -143.999965345643 -215.999960794022
1 -1519.61198473316 330.472217996203 -112.262263364471 -215.999960794022 -360.000023704288
1 -4713.74706881988 81.3505892480748 -39.3987622331338 -802.682415226741 -1213.0318081276
1 81.3505892480748 -2397.40115678444 8.10243074056416 6.38116623363771 263.172089439934
1 -39.3987622331338 8.10243074056416 -2316.34316759965 1.52528522079365 -58.0603479996
1 -802.682415226741 6.38116623363771 1.52528522079365 -144.000166940828 -216.000258568272
1 -1213.0318081276 263.172089439934 -58.0603479996 -216.000258568272 -360.000513794034
1 -7272.80383016193 575.369661987679 -180.431301657791 -1005.69911435855 -1544.48047314304
1 575.369661987679 -3543.04275195716 -57.5056105418525 40.5395506106743 364.634752173743
1 -180.431301657791 -57.5056105418525 -3729.75142512644 -13.3998274378655 -93.3591335581241
1 -1005.69911435855 40.5395506106743 -13.3998274378655 -143.99997311898 -215.999971587166
1 -1544.48047314304 364.634752173743 -93.3591335581241 -215.999971587166 -360.000040430464
1 -5050.32127054506 216.152463053731 -24.7217141975398 -833.429648412931 -1267.16300377439
1 216.152463053731 -2581.69514398077 -55.6231626731574 15.5492100120114 295.830642244255
1 -24.7217141975398 -55.6231626731574 -2468.62282063631 -0.684591569211079 -38.5185452351777
1 -833.429648412931 15.5492100120114 -0.684591569211079 -144.000244098663 -216.0003932552
1 -1267.16300377439 295.830642244255 -38.5185452351777 -216.0003932552 -360.000763549806
1 -5741.91557770831 -73.1741255037832 17.5053985955742 -891.548238712403 -1333.21411517073
1 -73.1741255037832 -2896.64226718855 -64.4017504143335 -6.1405375717527 271.55794017375
1 17.5053985955742 -64.4017504143335 -2845.26855540435 1.80234493285525 -57.944511791419
1 -891.548238712403 -6.1405375717527 1.80234493285525 -144.000215975382 -216.000373960412
1 -1333.21411517073 271.55794017375 -57.944511791419 -216.000373960412 -360.000761943979
1 -4919.53328712924 -191.938887780907 38.8743934536251 -821.78641284969 -1218.12320035986
1 -191.938887780907 -2418.35306614036 -78.1985514706207 -15.9780691859623 232.458230982502
1 38.8743934536251 -78.1985514706207 -2501.17718220366 4.90589263790753 -34.7698638449856
1 -821.78641284969 -15.9780691859623 4.90589263790753 -144.000389660448 -216.000524680737
1 -1218.12320035986 232.458230982502 -34.7698638449856 -216.000524680737 -360.000866720611
1 -6374.80217677933 408.919170425293 -121.184901374249 -938.524515916583 -1435.78552714985
1 408.919170425293 -3276.8810536794 55.4479600083368 25.8839987310466 336.82792962253
1 -121.184901374249 55.4479600083368 -3097.91423605077 -7.79140096796027 -101.53132380708
1 -938.524515916583 25.8839987310466 -7.79140096796027 -143.992392082737 -216.005042261713
1 -1435.78552714985 336.82792962253 -101.53132380708 -216.005042261713 -360.030414668699
1 -4886.96028198632 91.0026322102908 -31.4333592328353 -818.732440379222 -1234.3603663183
1 91.0026322102908 -2636.98591187023 -70.37812201105 8.62495222619941 290.649116315933
1 -31.4333592328353 -70.37812201105 -2249.97130723636 -2.20286066721087 -42.2321116388957
1 -818.732440379222 8.62495222619941 -2.20286066721087 -144.005120120028 -216.006029347682
1 -1234.3603663183 290.649116315933 -42.2321116388957 -216.006029347682 -360.007919788075
1 -5785.33606040565 -34.2208983070691 19.2569149319866 -895.267556735746 -1338.25606395277
1 -34.2208983070691 -2791.47951860637 92.4250318377062 4.44689373324536 277.830655395661
1 19.2569149319866 92.4250318377062 -2993.85147102527 6.30661510570008 -83.2773635011108
1 -895.267556735746 4.44689373324536 6.30661510570008 -144.000089498775 -216.000117433168
1 -1338.25606395277 277.830655395661 -83.2773635011108 -216.000117433168 -360.000245279934
1 -8603.33796482848 96.5532501879807 -61.6854775472575 -1098.38927679107 -1649.79817532185
1 96.5532501879807 -4236.55649080956 -188.875506495378 10.0802769580355 344.460338837393
1 -61.6854775472575 -188.875506495378 -4366.76675266767 -10.7519133507594 -103.729681470099
1 -1098.38927679107 10.0802769580355 -10.7519133507594 -144.000481256512 -216.000715397513
1 -1649.79817532185 344.460338837393 -103.729681470099 -216.000715397513 -360.001255671705
1 -6446.64843031251 -258.381785926076 67.8628682493354 -944.749501812225 -1399.09156992246
1 -258.381785926076 -3178.52682293562 -125.283215467675 -17.621926858169 263.289466218453
1 67.8628682493354 -125.283215467675 -3268.11460531928 6.22201849864723 -46.686036235144
1 -944.749501812225 -17.621926858169 6.22201849864723 -144.005487726417 -216.005438275602
1 -1399.09156992246 263.289466218453 -46.686036235144 -216.005438275602 -360.005411337738
1 -6237.43620636219 -218.48238989719 51.7448344865556 -929.344397043508 -1373.79070958588
1 -218.48238989719 -3046.909963075 -163.197818068284 -6.97622967038569 272.961042789177
1 51.7448344865556 -163.197818068284 -3190.52003758458 -2.18246953664902 -44.1174730170246
1 -929.344397043508 -6.97622967038569 -2.18246953664902 -144.000346466555 -216.000473674427
1 -1373.79070958588 272.961042789177 -44.1174730170246 -216.000473674427 -360.00080010723
1 -6898.81979921836 7.72179828345543 -33.6067773645254 -980.146072187438 -1472.74517506446
1 7.72179828345543 -3485.22760830861 -65.4722992692314 -5.62183338104205 305.294706762993
1 -33.6067773645254 -65.4722992692314 -3413.58358043919 -10.2192714876992 -64.3029293101449
1 -980.146072187438 -5.62183338104205 -10.2192714876992 -143.996147755843 -215.992086182837
1 -1472.74517506446 305.294706762993 -64.3029293101449 -215.992086182837 -359.984035071648
1 -6025.46204422794 148.968396302962 -57.6688727065289 -913.82768118109 -1375.50726550728
1 148.968396302962 -2911.31110927978 13.2744910246174 20.2232796304713 303.422429208666
1 -57.6688727065289 13.2744910246174 -3114.14535458709 0.902716848827367 -91.0601089678664
1 -913.82768118109 20.2232796304713 0.902716848827367 -144.000282197965 -216.000389116289
1 -1375.50726550728 303.422429208666 -91.0601089678664 -216.000389116289 -360.000674959338
1 -5283.71353216528 20.6257584665082 -3.09902203809997 -852.490385781834 -1280.06145146742
1 20.6257584665082 -2676.41759635495 96.1718808838441 1.04457260263757 271.752644245282
1 -3.09902203809997 96.1718808838441 -2607.29209956168 5.74971134881253 -72.6471702243714
1 -852.490385781834 1.04457260263757 5.74971134881253 -144.002385553677 -215.999912079212
1 -1280.06145146742 271.752644245282 -72.6471702243714 -215.999912079212 -359.995037150895
1 -5791.93413300771 204.223620087873 -50.049747969183 -894.831694544962 -1356.94667215702
1 204.223620087873 -2792.81071118476 -146.90765597436 15.2486222191328 288.848806356157
1 -50.049747969183 -146.90765597436 -2999.1183140865 0.644792599757693 -55.1713161272005
1 -894.831694544962 15.2486222191328 0.644792599757693 -143.999895328761 -215.999853260485
1 -1356.94667215702 288.848806356157 -55.1713161272005 -215.999853260485 -359.999841094805
1 -9545.18844282859 196.182720955562 -53.0741980497851 -1157.34166298864 -1742.55428309777
1 196.182720955562 -4668.17078194026 67.2314954499598 15.9132443826593 383.191804473881
1 -53.0741980497851 67.2314954499598 -4876.99668097719 -0.162443740236995 -93.1065207225856
1 -1157.34166298864 15.9132443826593 -0.162443740236995 -144.001625272949 -216.002472484433
1 -1742.55428309777 383.191804473881 -93.1065207225856 -216.002472484433 -360.004238928013
1 -5200.33546524701 70.4088436833672 3.08084919709017 -844.780090460517 -1273.52889070664
1 70.4088436833672 -2675.92699651686 28.7687413020876 6.09143895502484 279.95420109761
1 3.08084919709017 28.7687413020876 -2524.40469662929 2.20534205652712 -70.3341896581833
1 -844.780090460517 6.09143895502484 2.20534205652712 -143.944144468833 -215.924619439534
1 -1273.52889070664 279.95420109761 -70.3341896581833 -215.924619439534 -359.885641358915
1 -7157.50488809874 -62.0560125241809 15.4253332738108 -999.112336330654 -1495.77806982393
1 -62.0560125241809 -3587.21105487803 -90.2375126656807 -10.5395787244333 293.746048079413
1 15.4253332738108 -90.2375126656807 -3570.28473960952 -1.82849886698477 -79.7285052271945
1 -999.112336330654 -10.5395787244333 -1.82849886698477 -143.997145016783 -215.994235134076
1 -1495.77806982393 293.746048079413 -79.7285052271945 -215.994235134076 -359.98848733243
1 -8862.47775319759 397.82149131895 -68.7510362098465 -1115.35903889148 -1686.40343019888
1 397.82149131895 -4590.03627163668 -182.721508252826 34.4177565523296 415.21774220854
1 -68.7510362098465 -182.721508252826 -4272.42451243615 2.33065399868337 -44.7952947695285
1 -1115.35903889148 34.4177565523296 2.33065399868337 -143.997450379629 -215.994953748577
1 -1686.40343019888 415.21774220854 -44.7952947695285 -215.994953748577 -359.990032521296
1 -8157.96095132271 273.239296163297 -35.255782592003 -1067.14878191383 -1619.55505835465
1 273.239296163297 -4012.72724828061 -30.5290962785421 18.6610677985755 359.492814254736
1 -35.255782592003 -30.5290962785421 -4145.21987929106 -1.60230794676863 -67.0904286224072
1 -1067.14878191383 18.6610677985755 -1.60230794676863 -144.000516030474 -216.000709500008
1 -1619.55505835465 359.492814254736 -67.0904286224072 -216.000709500008 -360.001168459689
1 -5568.24670001532 152.909885358099 -42.1415718250273 -876.155020520741 -1326.03176804835
1 152.909885358099 -2838.10296502907 -12.0590884478133 8.9553944775389 294.884965377662
1 -42.1415718250273 -12.0590884478133 -2730.13918101128 -3.59686488948796 -69.7923751289409
1 -876.155020520741 8.9553944775389 -3.59686488948796 -144.000049616011 -216.000057889687
1 -1326.03176804835 294.884965377662 -69.7923751289409 -216.000057889687 -360.000146478967
1 -5897.13438853323 50.1057362214397 -39.8984670795244 -903.515242072217 -1359.89583111495
1 50.1057362214397 -3052.03775349128 46.5056728842228 0.741470884690898 287.894135283295
1 -39.8984670795244 46.5056728842228 -2845.09124122678 -6.09998016898317 -92.9906678237558
1 -903.515242072217 0.741470884690898 -6.09998016898317 -143.995863822965 -215.993460500385
1 -1359.89583111495 287.894135283295 -92.9906678237558 -215.993460500385 -359.988725790572
1 -5810.24492204563 237.194407723962 -66.1028318162948 -895.891821343753 -1359.57813624543
1 237.194407723962 -2838.45186569209 -39.648682665927 17.9748745381403 294.398801734985
1 -66.1028318162948 -39.648682665927 -2971.78783877428 -6.16495910676917 -87.2404910126079
1 -895.891821343753 17.9748745381403 -6.16495910676917 -143.999734945055 -215.999636864694
1 -1359.57813624543 294.398801734985 -87.2404910126079 -215.999636864694 -359.999512689058
1 -7244.47168090592 74.3225325834374 -51.2832415608955 -1004.96968650532 -1510.21379186034
1 74.3225325834374 -3761.64867945761 -8.35736130966325 9.71983928366171 339.201442059789
1 -51.2832415608955 -8.35736130966325 -3482.81356961877 -5.57545696722173 -88.3750907121339
1 -1004.96968650532 9.71983928366171 -5.57545696722173 -144.000808859346 -216.001221218676
1 -1510.21379186034 339.201442059789 -88.3750907121339 -216.001221218676 -360.002117915315
1 -7114.59859519437 -51.2238969605505 10.2166406037441 -994.692258274199 -1488.82698215402
1 -51.2238969605505 -3612.95600993117 -129.398495289479 -8.55392008247691 300.721299431927
1 10.2166406037441 -129.398495289479 -3501.63341319387 -4.3243856424624 -72.8927205528862
1 -994.692258274199 -8.55392008247691 -4.3243856424624 -144.000947514655 -216.001423680723
1 -1488.82698215402 300.721299431927 -72.8927205528862 -216.001423680723 -360.00244803347
1 -6094.45160257849 106.868136256821 -19.8181527082397 -917.47489786087 -1378.9889233351
1 106.868136256821 -2976.11403294695 193.722297211707 10.298988705415 292.526521796788
1 -19.8181527082397 193.722297211707 -3118.33160537844 -10.8227349358003 -136.324895564144
1 -917.47489786087 10.298988705415 -10.8227349358003 -144.000355220442 -216.000527558435
1 -1378.9889233351 292.526521796788 -136.324895564144 -216.000527558435 -360.000944240824
1 -5285.03597617203 263.375511828201 -52.0537276784694 -852.43679758662 -1295.08040554072
1 263.375511828201 -2741.72331098299 -57.4079403321548 22.0966286264002 307.271555591626
1 -52.0537276784694 -57.4079403321548 -2543.30868923347 -11.025662335129 -72.710412350574
1 -852.43679758662 22.0966286264002 -11.025662335129 -144.00001908399 -216.000027620566
1 -1295.08040554072 307.271555591626 -72.710412350574 -216.000027620566 -360.000116671699
1 -6121.44743632825 -439.801670040652 140.062169059263 -919.515121282188 -1353.66179608809
1 -439.801670040652 -3011.32718641384 101.106563342057 -40.2736012148353 218.215776833119
1 140.062169059263 101.106563342057 -3110.11403833561 14.5589923761236 -78.0706038980838
1 -919.515121282188 -40.2736012148353 14.5589923761236 -143.997049228517 -215.994146763876
1 -1353.66179608809 218.215776833119 -78.0706038980838 -215.994146763876 -359.9884138481
1 -6132.98688215025 4.64145989553799 -15.1986289722572 -921.203894080236 -1378.78087218013
1 4.64145989553799 -3175.03884008374 -40.9624861106295 5.64925396417948 307.305586588313
1 -15.1986289722572 -40.9624861106295 -2957.94194852306 -1.3982945290536 -59.1134558050044
1 -921.203894080236 5.64925396417948 -1.3982945290536 -143.994736589548 -215.988982681381
1 -1378.78087218013 307.305586588313 -59.1134558050044 -215.988982681381 -359.977546864343
1 -7279.42487456801 -235.772389643785 63.2732077718856 -1006.48015280314 -1493.48221847845
1 -235.772389643785 -3691.14675275739 -55.8422057821417 -10.1003229246999 301.493701499567
1 63.2732077718856 -55.8422057821417 -3588.26837690174 15.7455820328778 -61.9951643727745
1 -1006.48015280314 -10.1003229246999 15.7455820328778 -143.997434378207 -215.99478138512
1 -1493.48221847845 301.493701499567 -61.9951643727745 -215.99478138512 -359.98954743377
1 -8298.29849257635 428.210105368976 -103.622120562363 -1077.68952175036 -1633.52989913079
1 428.210105368976 -4427.11245068494 -63.4399678318687 35.3250727869181 412.573757586188
1 -103.622120562363 -63.4399678318687 -3871.1718584068 -15.4550520363728 -82.3161618370705
1 -1077.68952175036 35.3250727869181 -15.4550520363728 -143.998126688416 -215.996144348196
1 -1633.52989913079 412.573757586188 -82.3161618370705 -215.996144348196 -359.992251631525
1 -5131.5648939152 36.0441409341661 -38.2704996511052 -839.792621956548 -1263.19584891377
1 36.0441409341661 -2666.55210007372 -58.243095949706 6.88743511645384 278.331592660663
1 -38.2704996511052 -58.243095949706 -2465.00924945536 -7.5603701858995 -73.4925548400156
1 -839.792621956548 6.88743511645384 -7.5603701858995 -144.00001101933 -216.000018230744
1 -1263.19584891377 278.331592660663 -73.4925548400156 -216.000018230744 -360.000104649316
1 -7404.4996940188 191.958113973101 -55.1190030790849 -1015.37955682574 -1534.01440626055
1 191.958113973101 -3663.15626430946 -220.580993570252 16.5568257273208 334.917742840446
1 -55.1190030790849 -220.580993570252 -3741.33308091018 0.946389420164451 -41.3516710437989
1 -1015.37955682574 16.5568257273208 0.946389420164451 -143.999961565555 -215.999955301527
1 -1534.01440626055 334.917742840446 -41.3516710437989 -215.999955301527 -360.000014737238
1 -3882.78578802215 42.8049284266763 -28.5894684850518 -727.580635626168 -1100.22115891795
1 42.8049284266763 -1984.25629234578 42.9303517961444 -5.38510635550438 225.501697130426
1 -28.5894684850518 42.9303517961444 -1898.52816502878 -2.37670462865935 -71.8634544014662
1 -727.580635626168 -5.38510635550438 -2.37670462865935 -143.985812471215 -215.983655063923
1 -1100.22115891795 225.501697130426 -71.8634544014662 -215.983655063923 -359.979412266398
1 -6277.79610613288 188.731924339436 -38.9681619878957 -931.101939954715 -1408.77995983146
1 188.731924339436 -3266.51862920357 46.908004208035 13.2560086143485 328.816683371258
1 -38.9681619878957 46.908004208035 -3011.27085057828 -0.00104367359199387 -65.0580812759927
1 -931.101939954715 13.2560086143485 -0.00104367359199387 -143.99683870181 -215.993339963916
1 -1408.77995983146 328.816683371258 -65.0580812759927 -215.993339963916 -359.986414494529
1 -5194.80141100104 -217.079046883839 63.2787309626792 -844.907784532722 -1241.93651577897
1 -217.079046883839 -2600.25848243828 121.967486840902 -3.31547129661658 256.568158839343
1 63.2787309626792 121.967486840902 -2594.53930281239 -3.11369161209996 -106.248153446842
1 -844.907784532722 -3.31547129661658 -3.11369161209996 -144.006596812574 -216.006786608602
1 -1241.93651577897 256.568158839343 -106.248153446842 -216.006786608602 -360.007238214166
1 -7726.4374841377 422.547406387253 -123.018388023866 -1036.93232553326 -1577.0361213967
1 422.547406387253 -3751.16271214893 45.0505229565579 32.8339910424802 365.214164290251
1 -123.018388023866 45.0505229565579 -3975.26307121154 -13.4524768995448 -101.925833988048
1 -1036.93232553326 32.8339910424802 -13.4524768995448 -144.00030032391 -216.000419328566
1 -1577.0361213967 365.214164290251 -101.925833988048 -216.000419328566 -360.000729216381
1 -5993.90164261848 166.883927569472 -31.4524313225206 -910.973071633236 -1376.24519175716
1 166.883927569472 -3120.0980870949 -69.8758796957577 16.6798082190667 318.99965573956
1 -31.4524313225206 -69.8758796957577 -2873.79793700637 2.00596716126711 -56.6180495233937
1 -910.973071633236 16.6798082190667 2.00596716126711 -144.000021968793 -216.000033105956
1 -1376.24519175716 318.99965573956 -56.6180495233937 -216.000033105956 -360.000127358262
1 -6812.6710401657 314.010020652233 -107.687940534618 -974.134280603778 -1481.61061682472
1 314.010020652233 -3314.90391908318 -121.369099367996 21.6426202968023 326.893281744844
1 -107.687940534618 -121.369099367996 -3497.75894017057 -18.2089229525673 -88.6946267648625
1 -974.134280603778 21.6426202968023 -18.2089229525673 -144.000357074958 -216.000555198548
1 -1481.61061682472 326.893281744844 -88.6946267648625 -216.000555198548 -360.001023445022
1 -5345.95787985381 273.353412538313 -73.6736451045772 -856.847708888608 -1303.46581170926
1 273.353412538313 -2644.64149534405 -33.1962547690523 21.2106278425495 297.079013314772
1 -73.6736451045772 -33.1962547690523 -2701.31231147985 -11.106183958276 -80.5344247467588
1 -856.847708888608 21.2106278425495 -11.106183958276 -144.00034422124 -216.000513642456
1 -1303.46581170926 297.079013314772 -80.5344247467588 -216.000513642456 -360.00092448063
1 -5294.48298170365 29.5704792421247 3.57085303903659 -853.226115154371 -1281.82900527918
1 29.5704792421247 -2590.2603299528 -55.1552260148469 3.25232328179936 264.551134826263
1 3.57085303903659 -55.1552260148469 -2704.21873776172 0.462034080328522 -53.7141335463787
1 -853.226115154371 3.25232328179936 0.462034080328522 -144.00025718686 -216.00036394176
1 -1281.82900527918 264.551134826263 -53.7141335463787 -216.00036394176 -360.000649465064
1 -5563.58099315446 221.839521643119 -35.2790060418329 -873.644729260548 -1326.32665037136
1 221.839521643119 -2837.80419901802 -76.3644041796852 18.3064399053023 305.708789419157
1 -35.2790060418329 -76.3644041796852 -2725.77211110558 -1.19335938109089 -53.0771768794125
1 -873.644729260548 18.3064399053023 -1.19335938109089 -144.000293815338 -216.000446719988
1 -1326.32665037136 305.708789419157 -53.0771768794125 -216.000446719988 -360.000824571216
1 -5815.86758310948 132.472693373131 -8.69389550217647 -897.54447349577 -1353.05172869948
1 132.472693373131 -2980.60853765492 44.6283711497131 16.6163815578102 311.367063737578
1 -8.69389550217647 44.6283711497131 -2835.25396988438 10.0046659525788 -63.8847153915378
1 -897.54447349577 16.6163815578102 10.0046659525788 -143.992347432231 -215.98447000315
1 -1353.05172869948 311.367063737578 -63.8847153915378 -215.98447000315 -359.968787122966
1 -7130.05857816995 329.405287629925 -63.2697153122308 -996.000652030204 -1514.30649570017
1 329.405287629925 -3574.86296491061 -84.4494920073657 17.4851521705932 337.877457965874
1 -63.2697153122308 -84.4494920073657 -3555.18631955931 -7.81306380304159 -82.3719221330066
1 -996.000652030204 17.4851521705932 -7.81306380304159 -143.991747108885 -215.984130470304
1 -1514.30649570017 337.877457965874 -82.3719221330066 -215.984130470304 -359.968969235069
1 -5238.46813823781 -117.623716029414 48.7255177716861 -849.616265824693 -1264.33422733641
1 -117.623716029414 -2477.72635460564 -158.89430762428 -8.09637100829264 238.376707514476
1 48.7255177716861 -158.89430762428 -2760.73804158017 14.1791505825495 -14.4115930638122
1 -849.616265824693 -8.09637100829264 14.1791505825495 -144.000335502881 -216.000495392166
1 -1264.33422733641 238.376707514476 -14.4115930638122 -216.000495392166 -360.000887177137
1 -7188.78225055164 266.527796910054 -91.6872164538063 -999.91959704937 -1512.37042543784
1 266.527796910054 -3559.99993354317 44.7192188630652 25.6778912088862 351.103862129776
1 -91.6872164538063 44.7192188630652 -3628.77224506519 -11.6409351136326 -100.700395051945
1 -999.91959704937 25.6778912088862 -11.6409351136326 -144.000166997671 -216.000235724323
1 -1512.37042543784 351.103862129776 -100.700395051945 -216.000235724323 -360.000445184028
1 -6483.49157481221 359.325221836571 -134.775680436405 -947.457351966108 -1449.60968183838
1 359.325221836571 -3070.49586926667 113.323851287817 15.2340754624447 302.911212219925
1 -134.775680436405 113.323851287817 -3412.98854258554 -16.3958511478768 -133.733353973042
1 -947.457351966108 15.2340754624447 -16.3958511478768 -144.000463798477 -216.000638012304
1 -1449.60968183838 302.911212219925 -133.733353973042 -216.000638012304 -360.001058446358
1 -7318.51118567306 317.519119818144 -54.7638087908808 -1009.57546621316 -1536.13013787179
1 317.519119818144 -3736.31579701339 -54.1158197506775 16.6021807928018 352.249702999075
1 -54.7638087908808 -54.1158197506775 -3582.18514540454 -7.48613319956348 -58.5325311703855
1 -1009.57546621316 16.6021807928018 -7.48613319956348 -144.000391401278 -216.000599024824
1 -1536.13013787179 352.249702999075 -58.5325311703855 -216.000599024824 -360.001086264106
1 -5560.22241925547 246.904366115075 -66.9611153014671 -875.112991003846 -1331.44996643253
1 246.904366115075 -2831.18134581883 82.6702316061301 19.0029567406214 305.772677002381
1 -66.9611153014671 82.6702316061301 -2729.03649823064 1.2538158742359 -94.0482174698332
1 -875.112991003846 19.0029567406214 1.2538158742359 -144.001680446593 -215.999091285113
1 -1331.44996643253 305.772677002381 -94.0482174698332 -215.999091285113 -359.993984929474
1 -8096.30755185253 794.983125743443 -256.083135340646 -1060.62755074277 -1638.98450140465
1 794.983125743443 -3855.7708096647 -32.5849699152059 51.3219606332882 391.763819166613
1 -256.083135340646 -32.5849699152059 -4240.52272585129 -15.7063706467397 -124.309764331088
1 -1060.62755074277 51.3219606332882 -15.7063706467397 -144.000816973744 -216.001128819698
1 -1638.98450140465 391.763819166613 -124.309764331088 -216.001128819698 -360.001824489586
1 -6884.75326167293 368.261072893006 -122.178090762759 -977.622479929607 -1488.7110724473
1 368.261072893006 -3398.93258623647 102.861020835121 26.3196623961903 339.853455997741
1 -122.178090762759 102.861020835121 -3485.81241156865 -15.0997749983617 -119.97279041509
1 -977.622479929607 26.3196623961903 -15.0997749983617 -144.000216565132 -216.000306423325
1 -1488.7110724473 339.853455997741 -119.97279041509 -216.000306423325 -360.000558131901
1 -8816.41620560458 -415.150535232556 145.457526045334 -1110.81938540281 -1644.16598408934
1 -415.150535232556 -4389.24937726881 -73.1920691521282 -27.4018694383926 303.367875922333
1 145.457526045334 -73.1920691521282 -4427.14998953875 13.7226667789037 -73.2108820145072
1 -1110.81938540281 -27.4018694383926 13.7226667789037 -144.000588335302 -216.001604044891
1 -1644.16598408934 303.367875922333 -73.2108820145072 -216.001604044891 -360.00370749889
1 -8644.56597325613 72.9252771520805 -24.7460165070379 -1100.275404049 -1658.23668048404
1 72.9252771520805 -4267.11747994091 -109.132070946316 0.98728511943591 340.452521427892
1 -24.7460165070379 -109.132070946316 -4377.4327402275 11.6016729094781 -71.5644146396244
1 -1100.275404049 0.98728511943591 11.6016729094781 -144.000004254963 -215.999990643923
1 -1658.23668048404 340.452521427892 -71.5644146396244 -215.999990643923 -360.000035442454
1 -6691.94689815811 100.683741834473 -19.6096794837786 -964.236835493182 -1451.89528316791
1 100.683741834473 -3454.86815676566 -113.887471698604 4.17185555079413 312.85093633926
1 -19.6096794837786 -113.887471698604 -3237.07114138472 -8.35228532025667 -71.8780372395145
1 -964.236835493182 4.17185555079413 -8.35228532025667 -143.99993438019 -215.999858639293
1 -1451.89528316791 312.85093633926 -71.8780372395145 -215.999858639293 -359.999779149689
1 -7889.85168223633 26.258710747129 13.081289495176 -1049.59266960236 -1574.04633987568
1 26.258710747129 -3926.30301698205 -169.547395543646 1.54962723541985 328.080673270392
1 13.081289495176 -169.547395543646 -3963.53659498061 -3.41375085355367 -68.2367810611595
1 -1049.59266960236 1.54962723541985 -3.41375085355367 -144.00019674099 -216.000270512495
1 -1574.04633987568 328.080673270392 -68.2367810611595 -216.000270512495 -360.000490047696
1 -5825.23453739014 476.002827710431 -179.376273784726 -894.781574523051 -1374.06487936076
1 476.002827710431 -2787.40596137084 181.034436906202 40.0105108901982 323.784681402373
1 -179.376273784726 181.034436906202 -3037.82322249191 -10.6976739040476 -147.781257272328
1 -894.781574523051 40.0105108901982 -10.6976739040476 -144.000502345421 -216.000709819753
1 -1374.06487936076 323.784681402373 -147.781257272328 -216.000709819753 -360.001196774817
1 -5157.15225172642 15.7545208594456 -34.6878593688871 -842.138378388313 -1265.81895876754
1 15.7545208594456 -2626.7266336788 -67.1577166997395 1.74088906135239 273.890570827717
1 -34.6878593688871 -67.1577166997395 -2530.42210117371 -3.5772377344756 -47.6796760935372
1 -842.138378388313 1.74088906135239 -3.5772377344756 -144.000161675706 -216.0002335998
1 -1265.81895876754 273.890570827717 -47.6796760935372 -216.0002335998 -360.000449461495
1 -4736.6879779247 83.4583004092337 -50.5901583949253 -805.34665509191 -1215.35045454024
1 83.4583004092337 -2282.23070794087 1.56139263651767 11.0579419612122 255.914352749187
1 -50.5901583949253 1.56139263651767 -2454.45452905102 -4.93788995825639 -82.7471676387859
1 -805.34665509191 11.0579419612122 -4.93788995825639 -143.999543873008 -215.999069016704
1 -1215.35045454024 255.914352749187 -82.7471676387859 -215.999069016704 -359.998191278521
1 -7191.60710063704 130.008554691585 -3.3451779444249 -1000.33430565105 -1512.12172113446
1 130.008554691585 -3771.31229974736 71.7233181575239 1.42272398306886 323.407975926671
1 -3.3451779444249 71.7233181575239 -3420.28542587514 3.32144823289582 -89.3178881966605
1 -1000.33430565105 1.42272398306886 3.32144823289582 -143.999864334887 -215.998757909119
1 -1512.12172113446 323.407975926671 -89.3178881966605 -215.998757909119 -359.996617063985
1 -5797.01913295594 319.714165513574 -86.5136804861777 -893.845666880111 -1365.54812699785
1 319.714165513574 -2908.85991699952 -102.607871710347 18.7970163096907 305.492513881234
1 -86.5136804861777 -102.607871710347 -2888.15405590981 -7.35325238565565 -62.5598212735667
1 -893.845666880111 18.7970163096907 -7.35325238565565 -143.999999423272 -216.000003817385
1 -1365.54812699785 305.492513881234 -62.5598212735667 -216.000003817385 -360.000084654644
1 -4264.57771141742 281.535439739855 -69.3095839423563 -762.075373422988 -1159.75199143037
1 281.535439739855 -2185.91687756486 13.8167561445357 33.3446028832896 296.748696996474
1 -69.3095839423563 13.8167561445357 -2078.65886720526 -4.17751592607374 -64.8320350435938
1 -762.075373422988 33.3446028832896 -4.17751592607374 -143.999575719533 -215.99927675453
1 -1159.75199143037 296.748696996474 -64.8320350435938 -215.99927675453 -359.998750788293
1 -5465.60854168376 -25.6833779985755 -0.688119023095624 -868.054539147067 -1294.58567052865
1 -25.6833779985755 -2594.8222616563 -89.3151558827299 3.56335647921924 256.419821841547
1 -0.688119023095624 -89.3151558827299 -2870.78206287816 -5.77415079661137 -78.2850076816999
1 -868.054539147067 3.56335647921924 -5.77415079661137 -143.999982945786 -215.999974820136
1 -1294.58567052865 256.419821841547 -78.2850076816999 -215.999974820136 -360.000030589447
1 -7717.10245714985 285.460750163224 -100.17663809947 -1038.0813166222 -1569.22096759615
1 285.460750163224 -3869.75812057244 228.994064045196 26.126443096075 361.507298563879
1 -100.17663809947 228.994064045196 -3847.33296688466 -7.14515990551945 -142.792886663301
1 -1038.0813166222 26.126443096075 -7.14515990551945 -143.996102039523 -215.992087589711
1 -1569.22096759615 361.507298563879 -142.792886663301 -215.992087589711 -359.984130653856
1 -6634.32423650079 130.877205023694 -42.4858235135162 -958.166653219905 -1444.5481423877
1 130.877205023694 -3283.83030652901 149.996066980407 12.0335512434622 313.813047043254
1 -42.4858235135162 149.996066980407 -3350.48621622036 -4.47964727356975 -114.160399206753
1 -958.166653219905 12.0335512434622 -4.47964727356975 -144.000319323823 -216.000447593956
1 -1444.5481423877 313.813047043254 -114.160399206753 -216.000447593956 -360.000776126412
1 -6343.39126011696 210.528616364059 -51.1379897858433 -936.948506108592 -1417.04141584142
1 210.528616364059 -3282.96309456277 63.3498194275717 13.2624369797441 323.168523230777
1 -51.1379897858433 63.3498194275717 -3060.42131474271 -9.0156704857236 -91.8407421295342
