251 -5849.38890213493 -7.02859724555083 9.3253439032992 -899.902935401542 -443.158403037103
251 -7.02859724555083 -2935.60207349941 -62.9066683899282 9.17458936555704 286.630691558543
251 9.3253439032992 -62.9066683899282 -2913.78170363998 4.00121652077701 -63.9701665043901
251 -899.902935401542 9.17458936555704 4.00121652077701 -143.999959689722 -71.999974089465
251 -443.158403037103 286.630691558543 -63.9701665043901 -71.999974089465 -71.9999740823596
1 -5539.41014038628 -114.83467318385 40.2541415240876 -873.50528733765 -431.509639042815
1 -114.83467318385 -2752.50949667338 75.8426125031519 -14.1303451499653 265.156899786234
1 40.2541415240876 75.8426125031519 -2786.8962017692 5.38736795618888 -83.55576858321
1 -873.50528733765 -14.1303451499653 5.38736795618888 -143.999925086291 -71.9999554519291
1 -431.509639042815 265.156899786234 -83.55576858321 -71.9999554519291 -71.9999554661399
751 -6430.53896901336 -174.771787428085 20.6809264113872 -942.562506352829 -459.409569046443
751 -174.771787428085 -3199.26684537108 -192.450883290007 -10.9531832919174 288.138980387487
751 20.6809264113872 -192.450883290007 -3231.26488018488 8.93939164825497 -39.8412331179543
751 -942.562506352829 -10.9531832919174 8.93939164825497 -144.021637424885 -72.008209620833
751 -459.409569046443 288.138980387487 -39.8412331179543 -72.008209620833 -72.0082096279384
501 -5722.33533259237 297.932653069211 -54.362901408922 -888.028751276693 -462.298198151245
501 297.932653069211 -2790.19141339631 -39.3502758555542 28.8053813832789 290.046113001097
501 -54.362901408922 -39.3502758555542 -2932.13887513843 -3.11630047633571 -54.3747971946118
501 -888.028751276693 28.8053813832789 -3.11630047633571 -144.000921864063 -72.0005075294239
501 -462.298198151245 290.046113001097 -54.3747971946118 -72.0005075294239 -72.0005075436347
752 -4433.59787959707 -142.31255632069 33.7596807966634 -778.42909151471 -374.962774053245
752 -142.31255632069 -2286.43533738193 -47.366186869624 -9.86602200470088 248.343020746944
752 33.7596807966634 -47.366186869624 -2147.16035554829 -2.78618351501336 -46.6988455798401
752 -778.42909151471 -9.86602200470088 -2.78618351501336 -144.000329946437 -72.0001536009818
752 -374.962774053245 248.343020746944 -46.6988455798401 -72.0001536009818 -72.0001535867709
2 -6017.98419212685 109.449040991194 -17.1543896385629 -910.887416054607 -466.876806370919
2 109.449040991194 -2830.43582238918 -208.702993617749 2.59702466109957 266.314462415096
2 -17.1543896385629 -208.702993617749 -3187.54253370912 -2.70851636230418 -58.6990398048215
2 -910.887416054607 2.59702466109957 -2.70851636230418 -144.000409122214 -72.0002147005516
2 -466.876806370919 266.314462415096 -58.6990398048215 -72.0002147005516 -72.0002146863408
252 -6525.57532168885 101.353032832208 -10.0597828378568 -950.531691159995 -476.83842471713
252 101.353032832208 -3279.52614800608 -208.359095566379 15.645390142538 304.195123888462
252 -10.0597828378568 -208.359095566379 -3246.04188847388 -1.64827635984466 -40.5808509427175
252 -950.531691159995 15.645390142538 -1.64827635984466 -144.000029905555 -72.0000134819543
252 -476.83842471713 304.195123888462 -40.5808509427175 -72.0000134819543 -72.0000134890597
502 -7188.14038522453 230.69207591675 -85.7526300848122 -999.94039403839 -513.849162757651
502 230.69207591675 -3578.40238874019 181.675028969153 17.4905262610991 314.539105360723
502 -85.7526300848122 181.675028969153 -3609.7286748884 -2.13596415221673 -121.527059732784
502 -999.94039403839 17.4905262610991 -2.13596415221673 -143.999886319079 -71.9999336808996
502 -513.849162757651 314.539105360723 -121.527059732784 -71.9999336808996 -71.9999337093213
753 -4951.34404540209 371.454483477862 -166.13360376283 -821.967127187406 -436.645306503891
753 371.454483477862 -2419.78160868683 85.9392872030185 36.1965230126771 266.57600659874
753 -166.13360376283 85.9392872030185 -2531.55911453007 -12.615094412638 -113.374613324169
753 -821.967127187406 36.1965230126771 -12.615094412638 -144.000119277621 -72.000138199968
753 -436.645306503891 266.57600659874 -113.374613324169 -72.000138199968 -72.0001382035207
3 -6182.65754282277 -27.7857531614245 17.4237760575124 -925.223583664092 -461.179199803041
3 -27.7857531614245 -3058.46578066848 82.1740429728379 -6.66880923461122 277.2821245145
3 17.4237760575124 82.1740429728379 -3124.18541699344 -0.366354541370129 -109.166132787664
3 -925.223583664092 -6.66880923461122 -0.366354541370129 -144.000362368502 -72.0003306895478
3 -461.179199803041 277.2821245145 -109.166132787664 -72.0003306895478 -72.0003306895478
754 -5476.10607086568 315.049398395217 -70.1904594393454 -866.660013407738 -454.637929216517
754 315.049398395217 -2671.34339400599 -34.2205895975667 29.0171235803882 274.096832988846
754 -70.1904594393454 -34.2205895975667 -2804.75821445236 -10.377352726465 -73.9760233230413
754 -866.660013407738 29.0171235803882 -10.377352726465 -144.000528216282 -72.0002865755021
754 -454.637929216517 274.096832988846 -73.9760233230413 -72.0002865755021 -72.0002865719493
253 -5774.07632035687 184.886406977114 -56.2318355790126 -893.875074169159 -462.165400687553
253 184.886406977114 -2850.08457208136 122.754037327866 8.33416727630265 283.299139084647
253 -56.2318355790126 122.754037327866 -2923.98677259342 0.30860597632909 -86.4041004717819
253 -893.875074169159 8.33416727630265 0.30860597632909 -144.001203686628 -72.0005585854722
253 -462.165400687553 283.299139084647 -86.4041004717819 -72.0005585854722 -72.000558574814
503 -6433.82002810711 -9.20899303480383 -8.70051692913876 -944.578710999622 -472.285080419965
503 -9.20899303480383 -3046.29016599733 12.5548057354763 4.42987547444318 277.811955214702
503 -8.70051692913876 12.5548057354763 -3387.5229242426 4.32561996888126 -94.8327719214603
503 -944.578710999622 4.42987547444318 4.32561996888126 -144.000031781388 -72.0000323752856
503 -472.285080419965 277.811955214702 -94.8327719214603 -72.0000323752856 -72.0000323752856
504 -6030.93855330172 287.897526675351 -71.9033170923922 -913.579594406855 -473.663940876889
504 287.897526675351 -3037.04743876665 -100.041100040471 23.8364284967929 294.492825297255
504 -71.9033170923922 -100.041100040471 -2993.88536693357 -13.3831549753438 -79.1720606372337
504 -913.579594406855 23.8364284967929 -13.3831549753438 -144.000450248427 -72.0001948124604
504 -473.663940876889 294.492825297255 -79.1720606372337 -72.0001948124604 -72.0001948124604
4 -4983.65883409235 176.245518304086 -53.1767034601671 -826.200034396152 -426.510808900105
4 176.245518304086 -2558.85423881352 59.0053410292057 12.6742086337117 270.933961203923
4 -53.1767034601671 59.0053410292057 -2424.80139347379 3.04699919695395 -74.2322837723464
4 -826.200034396152 12.6742086337117 3.04699919695395 -143.949322577441 -71.9872552963352
4 -426.510808900105 270.933961203923 -74.2322837723464 -71.9872552963352 -71.9872553105461
755 -7217.05328901123 247.605711493293 -76.7014954448086 -1002.64502422931 -515.367667837552
755 247.605711493293 -3303.46753128197 7.48560339047799 22.277732512066 293.079937364382
755 -76.7014954448086 7.48560339047799 -3913.57622504529 2.63913824483097 -113.487350176911
755 -1002.64502422931 22.277732512066 2.63913824483097 -143.999967761488 -71.999978544568
755 -515.367667837552 293.079937364382 -113.487350176911 -71.999978544568 -71.9999785161463
254 -8837.92195067201 254.570407591359 -37.1810939441275 -1113.73211360899 -562.0232709731
254 254.570407591359 -4591.67692905282 -4.95434775871217 30.3820176199565 371.089505868838
254 -37.1810939441275 -4.95434775871217 -4246.22910512085 2.83565748304682 -96.7002858232036
254 -1113.73211360899 30.3820176199565 2.83565748304682 -143.978926757882 -72.0038817547675
254 -562.0232709731 371.089505868838 -96.7002858232036 -72.0038817547675 -72.0038817405566
505 -5953.88976799427 207.081168525747 -75.4176493700243 -907.981018531956 -465.856015281929
505 207.081168525747 -3108.73891615415 17.4650912541097 18.2004838649164 307.248119494119
505 -75.4176493700243 17.4650912541097 -2845.14542140357 -10.0961040985226 -71.6425540971954
505 -907.981018531956 18.2004838649164 -10.0961040985226 -144.000788871779 -72.0003148941828
505 -465.856015281929 307.248119494119 -71.6425540971954 -72.0003148941828 -72.0003149083936
5 -6684.73371828782 152.982071753627 -42.9354946192007 -963.625213429964 -488.852057358713
5 152.982071753627 -3302.67235906945 139.088102656615 14.3485691452838 304.275084694439
5 -42.9354946192007 139.088102656615 -3382.05367648925 -8.15081840244147 -107.499309635273
5 -963.625213429964 14.3485691452838 -8.15081840244147 -144.000191895088 -72.0003074974329
5 -488.852057358713 304.275084694439 -107.499309635273 -72.0003074974329 -72.0003075116438
506 -7658.35146556526 472.453028720565 -111.590313821353 -1032.25247001149 -542.38659473782
506 472.453028720565 -3961.50847011256 60.4057734960861 32.9206895059997 349.887844251384
506 -111.590313821353 60.4057734960861 -3696.83135974697 -0.150371569418439 -86.447553059088
506 -1032.25247001149 32.9206895059997 -0.150371569418439 -143.999438051878 -71.9996549349844
506 -542.38659473782 349.887844251384 -86.447553059088 -71.9996549349844 -71.9996549207735
255 -7186.48116833265 -60.6288830908852 4.92680869967899 -1000.52972453568 -493.15956434981
255 -60.6288830908852 -3726.18296793803 -94.7702134510564 -0.688406828430743 325.431268592524
255 4.92680869967899 -94.7702134510564 -3460.28858605507 -1.1746888333164 -56.5121144404657
255 -1000.52972453568 -0.688406828430743 -1.1746888333164 -143.999872904033 -71.9999139562333
255 -493.15956434981 325.431268592524 -56.5121144404657 -71.9999139562333 -71.9999139562333
256 -6938.44266201893 0.0593765037137928 5.0308378263253 -981.494686669748 -483.455444850733
256 0.0593765037137928 -3165.34483599185 -72.3281005861054 4.84173013148848 276.642424381635
256 5.0308378263253 -72.3281005861054 -3773.08909226315 -10.7085311853439 -99.0804308074189
256 -981.494686669748 4.84173013148848 -10.7085311853439 -143.999986832455 -72.0000217455663
256 -483.455444850733 276.642424381635 -99.0804308074189 -72.0000217455663 -72.0000217597772
756 -6272.48599388963 181.125004367289 3.54520945222703 -933.439494232857 -472.577007915476
756 181.125004367289 -3238.22827609632 49.027392954315 22.172171448176 312.681339387666
756 3.54520945222703 49.027392954315 -3034.25141834879 8.28199160451959 -63.8796944336661
756 -933.439494232857 22.172171448176 8.28199160451959 -144.000329939331 -72.0001714071827
756 -472.577007915476 312.681339387666 -63.8796944336661 -72.0001714071827 -72.0001714142882
6 -6436.62346506346 178.463103367221 -54.4054120439341 -942.689546647557 -487.096196081893
6 178.463103367221 -3404.24599897915 64.171297239568 5.42273590298237 318.662055157404
6 -54.4054120439341 64.171297239568 -3032.37024807856 -3.44532149654242 -72.6871219072223
6 -942.689546647557 5.42273590298237 -3.44532149654242 -143.999080719937 -71.9999345051292
6 -487.096196081893 318.662055157404 -72.6871219072223 -71.9999345051292 -71.9999344767075
507 -7185.83723686095 -24.1374870171285 1.7950647759335 -1000.21891402946 -496.242418790871
507 -24.1374870171285 -3479.5188143022 76.8593739195467 1.75304670335663 304.346979518755
507 1.7950647759335 76.8593739195467 -3706.30882730438 -2.23997994908132 -98.6113416274748
507 -1000.21891402946 1.75304670335663 -2.23997994908132 -143.999966255137 -72.0000965515055
507 -496.242418790871 304.346979518755 -98.6113416274748 -72.0000965515055 -72.0000965515055
257 -7514.46767174002 355.230767141279 -104.870661999712 -1023.34135973337 -533.305055284927
257 355.230767141279 -3762.4036739885 27.4438427965151 25.2017349495759 329.684585139489
257 -104.870661999712 27.4438427965151 -3752.05354428942 -4.83346990165501 -91.5823778555591
257 -1023.34135973337 25.2017349495759 -4.83346990165501 -144.000045509074 -72.0000830796153
257 -533.305055284927 329.684585139489 -91.5823778555591 -72.0000830796153 -72.0000830938261
7 -6518.12325221357 37.8922248529534 -4.46390643560335 -951.076873356271 -479.108629424019
7 37.8922248529534 -3389.08431021423 -137.524851119508 -3.66154421982401 310.178039505615
7 -4.46390643560335 -137.524851119508 -3129.03161677269 -4.59965987431588 -41.5860472102736
7 -951.076873356271 -3.66154421982401 -4.59965987431588 -143.99967941614 -71.9997714604403
7 -479.108629424019 310.178039505615 -41.5860472102736 -71.9997714604403 -71.9997714497822
258 -6287.37571442173 242.859961247177 -96.445294261116 -932.320517577523 -484.232204115642
258 242.859961247177 -2886.56326951298 -47.9705463050095 16.7587736967789 270.247940079571
258 -96.445294261116 -47.9705463050095 -3400.80589322156 -4.5164643154294 -97.031837796635
258 -932.320517577523 16.7587736967789 -4.5164643154294 -144.000017897383 -72.0000153151545
258 -484.232204115642 270.247940079571 -97.031837796635 -72.0000153151545 -72.0000153080491
757 -7479.76331906841 158.35451350199 -32.42309847451 -1020.46386409427 -519.52744187389
757 158.35451350199 -3789.59196440576 108.072407869031 12.7710686825822 329.505810377384
757 -32.42309847451 108.072407869031 -3690.16059022442 -5.42909246803447 -89.3510402164566
757 -1020.46386409427 12.7710686825822 -5.42909246803447 -144.000636083774 -72.0004149812326
757 -519.52744187389 329.505810377384 -89.3510402164566 -72.0004149812326 -72.0004149741271
758 -6011.21937665283 17.53339600441 37.6081791770844 -914.234107966649 -461.150779447195
758 17.53339600441 -3102.20582667853 -28.0096759794901 -1.7938446958965 290.012897373515
758 37.6081791770844 -28.0096759794901 -2909.00822386675 12.2038091205923 -75.0068167789664
758 -914.234107966649 -1.7938446958965 12.2038091205923 -144.000136856448 -72.0000283571665
758 -461.150779447195 290.012897373515 -75.0068167789664 -72.0000283571665 -72.0000283465083
508 -3737.16217104914 -41.382803736667 8.3003373987367 -711.449575689471 -348.864653787473
508 -41.382803736667 -1926.97029055466 -58.7554807651713 2.15065497144451 231.164352459956
508 8.3003373987367 -58.7554807651713 -1810.19066951649 -3.12868046492554 -39.1471645073693
508 -711.449575689471 2.15065497144451 -3.12868046492554 -144.000194758576 -72.0001053906572
508 -348.864653787473 231.164352459956 -39.1471645073693 -72.0001053906572 -72.0001053764463
259 -6313.09518464462 -16.4361650050182 17.8292036281391 -936.371212269194 -469.305122980046
259 -16.4361650050182 -3174.41095501891 -62.875859711653 -3.09463118597364 291.787165650703
259 17.8292036281391 -62.875859711653 -3138.67779598098 6.3384300901248 -67.3582002264084
259 -936.371212269194 -3.09463118597364 6.3384300901248 -143.999712562959 -72.0000364395901
259 -469.305122980046 291.787165650703 -67.3582002264084 -72.0000364395901 -72.0000364466955
8 -7369.98006364331 -349.148743808314 93.4106905106091 -1012.55447229676 -485.609182163671
8 -349.148743808314 -3741.04794575203 219.336372225598 -20.6108445368614 308.715273057203
8 93.4106905106091 219.336372225598 -3628.92187347086 6.67785489838479 -111.622636261188
8 -1012.55447229676 -20.6108445368614 6.67785489838479 -144.000230534402 -72.0007452343907
8 -485.609182163671 308.715273057203 -111.622636261188 -72.0007452343907 -72.0007452343907
509 -6877.63733897384 374.579914861783 -88.4876743043606 -977.534439684291 -507.702385164066
509 374.579914861783 -3700.34816687337 -42.1556346026364 28.7181602516284 345.324825175908
509 -88.4876743043606 -42.1556346026364 -3177.28063339473 -8.56393097592445 -55.6880618418631
509 -977.534439684291 28.7181602516284 -8.56393097592445 -143.999912253889 -71.9999341285416
509 -507.702385164066 345.324825175908 -55.6880618418631 -71.9999341285416 -71.999934135647
759 -7321.76377388782 -16.6408604087565 -23.2790808780692 -1010.23432296188 -502.708151664422
759 -16.6408604087565 -3765.38597981835 -92.2430156151677 4.62285778723981 325.730136573554
759 -23.2790808780692 -92.2430156151677 -3556.36782776969 2.7590810844913 -63.3777407017533
759 -1010.23432296188 4.62285778723981 2.7590810844913 -143.999968102548 -72.0002197596159
759 -502.708151664422 325.730136573554 -63.3777407017533 -72.0002197596159 -72.0002197596159
260 -5917.30730938878 111.592785934533 -42.7711629100713 -905.398801599233 -457.916387162527
260 111.592785934533 -2902.10869652441 -61.0628980766137 13.7899287828702 279.562278159062
260 -42.7711629100713 -61.0628980766137 -3015.19322648147 -2.6520535243435 -73.5226494761321
260 -905.398801599233 13.7899287828702 -2.6520535243435 -144.000951117107 -72.0005156864545
260 -457.916387162527 279.562278159062 -73.5226494761321 -72.0005156864545 -72.0005156935599
9 -6370.99689259912 288.898669040805 -73.8477583155372 -938.877658484216 -488.872390576489
9 288.898669040805 -3298.90371851604 64.9027740138308 14.2310996125161 309.088037710126
9 -73.8477583155372 64.9027740138308 -3072.08637451595 -12.3992938796391 -101.286988609672
9 -938.877658484216 14.2310996125161 -12.3992938796391 -143.999682535423 -71.9998084690587
9 -488.872390576489 309.088037710126 -101.286988609672 -71.9998084690587 -71.9998084974804
510 -7360.56577525801 42.8290827159117 -17.4419851077801 -1012.07853627727 -512.278473458139
510 42.8290827159117 -3902.29624335348 9.00434200445943 -0.621941843803597 336.456637185734
510 -17.4419851077801 9.00434200445943 -3458.25922939014 -4.94101396952829 -69.2178967938162
510 -1012.07853627727 -0.621941843803597 -4.94101396952829 -144.000002038069 -72.0000091973816
510 -512.278473458139 336.456637185734 -69.2178967938162 -72.0000091973816 -72.0000091973816
760 -7187.11972810127 181.752597441687 -43.5946480479288 -1000.27781327583 -515.174652804262
760 181.752597441687 -3633.11454847803 42.4287985083538 5.08416149358482 321.868430646077
760 -43.5946480479288 42.4287985083538 -3553.99550072377 1.25055100852478 -73.6735956508028
760 -1000.27781327583 5.08416149358482 1.25055100852478 -144.000008091894 -72.0001588234709
760 -515.174652804262 321.868430646077 -73.6735956508028 -72.0001588234709 -72.0001588234709
261 -7626.57976945036 -15.3870510359866 13.1558814615573 -1031.5826618239 -513.318527339379
261 -15.3870510359866 -4218.29319525102 -9.56860969836271 2.37434970529193 358.284625612271
261 13.1558814615573 -9.56860969836271 -3408.2753490452 2.20868162159604 -48.9875210902824
261 -1031.5826618239 2.37434970529193 2.20868162159604 -144.000303365033 -72.0006429304476
261 -513.318527339379 358.284625612271 -48.9875210902824 -72.0006429304476 -72.0006429446585
10 -6654.93522562599 155.449231414195 -38.2006604269236 -961.381705437248 -487.592892795874
10 155.449231414195 -3034.88870495983 65.5074602491368 14.7317074521425 273.733555850697
10 -38.2006604269236 65.5074602491368 -3620.03895369867 0.879705424949861 -115.036686096914
10 -961.381705437248 14.7317074521425 0.879705424949861 -144.000017058943 -72.0000156917422
10 -487.592892795874 273.733555850697 -115.036686096914 -72.0000156917422 -72.0000156917422
511 -6936.12886482242 447.686713954454 -131.590627191258 -980.109648097027 -516.677758312767
511 447.686713954454 -3473.40884556502 165.436060598267 31.0312360412013 324.561263234102
511 -131.590627191258 165.436060598267 -3462.71085935257 -5.71246010849791 -102.791670293811
511 -980.109648097027 31.0312360412013 -5.71246010849791 -144.000235138719 -72.0003194061292
511 -516.677758312767 324.561263234102 -102.791670293811 -72.0003194061292 -72.00031942034
262 -5397.29931807642 12.1544555042874 16.2881312490981 -861.516683144714 -427.337067272049
262 12.1544555042874 -2496.2676935445 26.9119528866213 4.62083895769183 245.671381819079
262 16.2881312490981 26.9119528866213 -2901.02743973364 2.16807064390423 -100.73466468441
262 -861.516683144714 4.62083895769183 2.16807064390423 -144.000190914539 -72.0000919898212
262 -427.337067272049 245.671381819079 -100.73466468441 -72.0000919898212 -72.0000919898212
761 -6794.0456952158 111.042752308776 -24.3813327642783 -971.632643100406 -492.590330694043
761 111.042752308776 -3341.84608036026 49.6517795056661 7.71336128480016 298.655269716619
761 -24.3813327642783 49.6517795056661 -3452.19163153843 -1.88250169230741 -96.5992624912815
761 -971.632643100406 7.71336128480016 -1.88250169230741 -144.000022771706 -72.0000410083799
761 -492.590330694043 298.655269716619 -96.5992624912815 -72.0000410083799 -72.0000410012744
11 -6148.77330427532 -52.9578510395368 9.91997499966146 -921.173296454469 -458.985082858021
11 -52.9578510395368 -3108.69773015554 28.4980529272616 -8.63817290053248 280.195561856544
11 9.91997499966146 28.4980529272616 -3040.06944396917 -6.75857974385963 -101.850988912133
11 -921.173296454469 -8.63817290053248 -6.75857974385963 -144.000229155949 -72.0002994683
11 -458.985082858021 280.195561856544 -101.850988912133 -72.0002994683 -72.0002994540891
512 -6019.91199690133 54.336073631589 0.28960261033717 -912.083913277684 -462.958722671658
512 54.336073631589 -2994.37605933406 -152.026274591321 -1.0241515724374 281.669688810382
512 0.28960261033717 -152.026274591321 -3025.53019173502 -11.642242355947 -42.0356706882785
512 -912.083913277684 -1.0241515724374 -11.642242355947 -144.000721391535 -72.0003270942016
512 -462.958722671658 281.669688810382 -42.0356706882785 -72.0003270942016 -72.0003270799907
263 -6077.07797455248 3.41292995642561 -40.3255039174155 -916.518320153159 -461.329167222857
263 3.41292995642561 -3075.51060571143 -89.7999611737532 4.94684351792785 287.700306742522
263 -40.3255039174155 -89.7999611737532 -3001.56141848618 0.24426873324046 -61.7589328868462
263 -916.518320153159 4.94684351792785 0.24426873324046 -144.000787798859 -72.0004618983694
263 -461.329167222857 287.700306742522 -61.7589328868462 -72.0004618983694 -72.0004618983694
513 -7713.8024822716 605.792454862808 -192.040951418448 -1035.11962840486 -550.784897072276
513 605.792454862808 -3922.91736336858 47.9699318560733 45.5682378373012 344.990228406061
513 -192.040951418448 47.9699318560733 -3790.87351112162 -14.3399728642635 -106.200565468839
513 -1035.11962840486 45.5682378373012 -14.3399728642635 -144.000137780154 -72.0001691405514
513 -550.784897072276 344.990228406061 -106.200565468839 -72.0001691405514 -72.0001691405514
762 -7560.03945832617 23.6212005688685 -48.0915054907882 -1027.82011212099 -515.559369461016
762 23.6212005688685 -3845.64167248413 -14.8643909341217 -1.91171488950204 324.5268056844
762 -48.0915054907882 -14.8643909341217 -3714.38718937611 -13.1305640849178 -85.5710921570108
762 -1027.82011212099 -1.91171488950204 -13.1305640849178 -144.000078378781 -72.0000488598771
762 -515.559369461016 324.5268056844 -85.5710921570108 -72.0000488598771 -72.0000488598771
12 -6217.65461391988 443.362835255812 -160.940287301514 -926.858797143382 -491.720771194082
12 443.362835255812 -2904.61701109734 104.253122387377 39.6698864761902 284.485933001122
12 -160.940287301514 104.253122387377 -3313.03124723092 -1.96517675021823 -121.780854676956
12 -926.858797143382 39.6698864761902 -1.96517675021823 -144.02369552613 -72.0216988554512
12 -491.720771194082 284.485933001122 -121.780854676956 -72.0216988554512 -72.0216988554512
514 -6517.06048688538 154.845676910043 -31.0690002507386 -952.449980665904 -487.164067493495
514 154.845676910043 -3338.77652285963 -8.96850895060197 12.6469780923344 314.952246295519
514 -31.0690002507386 -8.96850895060197 -3178.27693279327 0.0713426757670277 -60.7875336307018
514 -952.449980665904 12.6469780923344 0.0713426757670277 -144.000317256143 -72.0005575089999
514 -487.164067493495 314.952246295519 -60.7875336307018 -72.0005575089999 -72.0005575161053
13 -5522.21621275351 -147.907542043413 66.9534791128967 -872.625307536623 -422.666639909863
13 -147.907542043413 -2740.41048520957 42.9926384271084 -4.08448107691584 263.592931553092
13 66.9534791128967 42.9926384271084 -2781.80129134853 10.625808492648 -91.4171813732878
13 -872.625307536623 -4.08448107691584 10.625808492648 -144.03488984982 -72.012581206593
13 -422.666639909863 263.592931553092 -91.4171813732878 -72.012581206593 -72.012581206593
264 -7808.34702700872 336.703965572838 -67.7199200538325 -1045.14378138276 -538.201492503276
264 336.703965572838 -3991.69181525849 258.6034451042 25.7921001320938 344.857547787569
264 -67.7199200538325 258.6034451042 -3816.64349752953 -4.53679210465907 -122.959602165906
264 -1045.14378138276 25.7921001320938 -4.53679210465907 -143.999983578169 -72.0000657850051
264 -538.201492503276 344.857547787569 -122.959602165906 -72.0000657850051 -72.0000657565834
763 -7930.94364237845 289.996855627805 -84.5016290611511 -1051.364201345 -546.152783748255
763 289.996855627805 -3843.52278727818 -82.0363033398053 15.7274556187303 324.022404164737
763 -84.5016290611511 -82.0363033398053 -4087.40811820962 1.80803297666898 -91.058945002942
763 -1051.364201345 15.7274556187303 1.80803297666898 -144.000016504719 -72.0000563916301
763 -546.152783748255 324.022404164737 -91.058945002942 -72.0000563916301 -72.0000564200518
764 -7308.64790662622 -248.779866012683 55.0428884764642 -1008.72414117248 -491.806325833011
764 -248.779866012683 -3663.7965850872 -308.887157615345 -24.3727085020851 301.321120218745
764 55.0428884764642 -308.887157615345 -3644.84147540622 9.13381991551887 -30.7542933626337
764 -1008.72414117248 -24.3727085020851 9.13381991551887 -143.999978305942 -71.9999841578556
764 -491.806325833011 301.321120218745 -30.7542933626337 -71.9999841578556 -71.9999841436447
515 -7011.34507431789 77.0109311929446 -19.1576410486505 -987.529433260192 -498.287170159983
515 77.0109311929446 -3292.60105793594 -18.6550547596198 3.88694255804012 287.148739275267
515 -19.1576410486505 -18.6550547596198 -3718.73507963016 -5.63422231891764 -110.080360727238
515 -987.529433260192 3.88694255804012 -5.63422231891764 -144.000020327439 -72.0000338603199
515 -498.287170159983 287.148739275267 -110.080360727238 -72.0000338603199 -72.0000338674254
14 -7804.05289121688 508.822256335861 -125.460863642957 -1041.4198392894 -546.627711216274
14 508.822256335861 -4119.72156429385 -92.2049083698084 39.6839606082722 364.230352296602
14 -125.460863642957 -92.2049083698084 -3684.31926230528 -6.724456980578 -59.1862651759811
14 -1041.4198392894 39.6839606082722 -6.724456980578 -143.969785952436 -72.0038107715482
14 -546.627711216274 364.230352296602 -59.1862651759811 -72.0038107715482 -72.0038107431265
265 -7941.79133357886 152.054238910182 -49.0477614079055 -1053.13021256848 -533.622484027774
265 152.054238910182 -4033.64284181862 -39.5522335168152 10.0474969997322 339.521082040051
265 -49.0477614079055 -39.5522335168152 -3908.13576468929 -10.696036000013 -85.7021568521077
265 -1053.13021256848 10.0474969997322 -10.696036000013 -144.000467116712 -72.0005138248325
265 -533.622484027774 339.521082040051 -85.7021568521077 -72.0005138248325 -72.0005138248325
516 -5543.91504589802 408.494561412454 -74.953782281284 -872.277258565646 -464.346250858227
516 408.494561412454 -2679.35466344937 54.5845084474195 34.6225511052012 282.913765751402
516 -74.953782281284 54.5845084474195 -2864.55575198374 -5.47308577836247 -72.4605412329993
516 -872.277258565646 34.6225511052012 -5.47308577836247 -144.000545944323 -72.000307099529
516 -464.346250858227 282.913765751402 -72.4605412329993 -72.000307099529 -72.000307099529
765 -6830.22565080194 79.3643283714118 -35.6547276822994 -974.779681229165 -488.526892176822
765 79.3643283714118 -3606.46837209799 -32.3409193754287 9.04504720722343 322.067099375545
765 -35.6547276822994 -32.3409193754287 -3223.74925603697 -8.84706224724141 -85.5135041604171
765 -974.779681229165 9.04504720722343 -8.84706224724141 -143.997745539082 -71.999198283379
765 -488.526892176822 322.067099375545 -85.5135041604171 -71.999198283379 -71.999198283379
517 -8200.44587453594 258.455590071094 -37.190633278783 -1070.55378013854 -549.313649543137
517 258.455590071094 -4003.31878852001 -122.937764473363 17.6550950286014 338.14790192821
517 -37.190633278783 -122.937764473363 -4197.11338443562 3.89912236187229 -61.9586262189387
517 -1070.55378013854 17.6550950286014 3.89912236187229 -144.00003314563 -72.0001063143627
517 -549.313649543137 338.14790192821 -61.9586262189387 -72.0001063143627 -72.0001063143627
15 -4535.60511503781 337.90380030041 -66.4136531582926 -787.360174633989 -419.006532389687
15 337.90380030041 -2354.29850958013 -13.553861194282 30.2113253312086 272.507318044291
15 -66.4136531582926 -13.553861194282 -2181.30427269614 2.88019154126573 -56.9781768717803
15 -787.360174633989 30.2113253312086 2.88019154126573 -144.000322308102 -72.0004562957399
15 -419.006532389687 272.507318044291 -56.9781768717803 -72.0004562957399 -72.0004562850818
266 -6265.29564762279 67.0613547626431 18.0444503286026 -932.585787445817 -467.684131876922
266 67.0613547626431 -2887.56205689111 -181.188760471684 8.21180120880172 265.840982905274
266 18.0444503286026 -181.188760471684 -3377.72725188046 9.9971870000104 -67.0783970946331
266 -932.585787445817 8.21180120880172 9.9971870000104 -144.000174600478 -71.9999893128431
266 -467.684131876922 265.840982905274 -67.0783970946331 -71.9999893128431 -71.9999893092904
766 -4854.2960526774 -19.1424113964445 -2.62295598218998 -815.977872338891 -407.724647697449
766 -19.1424113964445 -2399.0782842489 -39.130990636238 -4.55383074182691 249.322568841137
766 -2.62295598218998 -39.130990636238 -2455.21479032362 -10.4747579356967 -59.074289055161
766 -815.977872338891 -4.55383074182691 -10.4747579356967 -143.999749504076 -72.0004215999381
766 -407.724647697449 249.322568841137 -59.074289055161 -72.0004215999381 -72.0004215963854
518 -6016.469260544 259.202822064708 -46.5657634407535 -912.673360318195 -474.119966476394
518 259.202822064708 -3105.7711064193 -53.5630182127989 19.0412262099926 305.46526195252
518 -46.5657634407535 -53.5630182127989 -2910.69243468201 4.94003327844439 -54.7096068856945
518 -912.673360318195 19.0412262099926 4.94003327844439 -144.000653207854 -72.0003363738897
518 -474.119966476394 305.46526195252 -54.7096068856945 -72.0003363738897 -72.0003363738897
16 -6653.97534632461 49.871742547225 10.9852859395687 -961.608015082049 -481.094437922991
16 49.871742547225 -3361.24371793289 152.897582736955 7.31086601035713 302.60975763241
16 10.9852859395687 152.897582736955 -3292.72421305404 0.315739313805352 -104.8462144837
16 -961.608015082049 7.31086601035713 0.315739313805352 -143.997477366042 -72.0021677977911
16 -481.094437922991 302.60975763241 -104.8462144837 -72.0021677977911 -72.0021677835803
267 -5615.78347715397 -363.422838304928 87.0043545972976 -878.682205463832 -418.329311333565
267 -363.422838304928 -2781.89192606959 -8.70231782812425 -36.0193130433117 252.919794583306
267 87.0043545972976 -8.70231782812425 -2833.88685445374 12.6234401385261 -71.3912453740306
267 -878.682205463832 -36.0193130433117 12.6234401385261 -143.999280538765 -71.9997424383223
267 -418.329311333565 252.919794583306 -71.3912453740306 -71.9997424383223 -71.9997424383223
519 -6403.53852648445 311.449398310515 -87.9131273592293 -942.876377198587 -488.460305888339
519 311.449398310515 -3199.70191952734 -8.43259172711441 24.5649142840421 303.801918388302
519 -87.9131273592293 -8.43259172711441 -3203.82970492261 -17.428497720573 -84.5336923589457
519 -942.876377198587 24.5649142840421 -17.428497720573 -143.999995955824 -72.0001367753298
519 -488.460305888339 303.801918388302 -84.5336923589457 -72.0001367753298 -72.0001367682244
520 -5708.24612070453 29.2275059834424 -24.9113535488732 -886.601149687749 -445.170020721974
520 29.2275059834424 -2775.28694074647 11.0110443785061 3.31127265695841 268.808633840933
520 -24.9113535488732 11.0110443785061 -2932.95409345262 -0.70556218645379 -78.2041810296619
520 -886.601149687749 3.31127265695841 -0.70556218645379 -144.000034516978 -72.000081097201
520 -445.170020721974 268.808633840933 -78.2041810296619 -72.000081097201 -72.000081097201
268 -3982.40321597854 93.0857807261987 -0.758875962958427 -736.307870148778 -376.737269853322
268 93.0857807261987 -2097.13286176338 -69.0981321866957 4.52083348534416 247.092053704989
268 -0.758875962958427 -69.0981321866957 -1885.26886381624 11.8721400497179 -25.5977186967016
268 -736.307870148778 4.52083348534416 11.8721400497179 -143.999914314463 -72.0001022251893
268 -376.737269853322 247.092053704989 -25.5977186967016 -72.0001022251893 -72.000102228742
17 -6067.90662761369 436.515022848027 -156.916912885663 -915.782554727684 -488.685226876839
17 436.515022848027 -3072.13646247817 171.965709952815 29.5045448766018 301.732044864167
17 -156.916912885663 171.965709952815 -2995.76425533132 -13.6385441251718 -119.036736023759
17 -915.782554727684 29.5045448766018 -13.6385441251718 -144.000506331565 -72.0002817260479
17 -488.685226876839 301.732044864167 -119.036736023759 -72.0002817260479 -72.0002817331533
767 -8617.18196020433 650.322873283926 -210.476203562848 -1096.32426413953 -581.767448906589
767 650.322873283926 -4180.46963703489 -21.1242092547081 41.9751387568112 352.452108742796
767 -210.476203562848 -21.1242092547081 -4436.6961592317 -19.9357161747571 -115.357094259139
767 -1096.32426413953 41.9751387568112 -19.9357161747571 -143.999815435336 -71.999896675834
767 -581.767448906589 352.452108742796 -115.357094259139 -71.999896675834 -71.999896675834
768 -6019.28517436079 212.76588321939 -51.6199374374082 -911.985544433946 -468.848356092622
768 212.76588321939 -3025.40743517454 -51.5275367547474 19.1074531699087 292.617726572075
768 -51.6199374374082 -51.5275367547474 -2993.87201789614 -0.924224480058911 -59.4555738402391
768 -911.985544433946 19.1074531699087 -0.924224480058911 -144.000681444822 -72.0005580348015
768 -468.848356092622 292.617726572075 -59.4555738402391 -72.0005580348015 -72.0005580490124
18 -4484.42623196144 5.33107319000692 -18.6684102985168 -784.161991361998 -392.014471902513
18 5.33107319000692 -2123.85918632663 -60.6640282470039 3.502165426994 227.436620633625
18 -18.6684102985168 -60.6640282470039 -2360.5648139764 -4.31981107595902 -69.5290329026932
18 -784.161991361998 3.502165426994 -4.31981107595902 -143.999468349421 -71.999834460712
18 -392.014471902513 227.436620633625 -69.5290329026932 -71.999834460712 -71.9998344536066
521 -9553.87131612895 307.559188982509 -66.1647973458912 -1157.99140421302 -592.802484284505
521 307.559188982509 -4918.68845237775 265.098214299542 22.9036274532746 380.476594649792
521 -66.1647973458912 265.098214299542 -4635.162471331 2.68840368278234 -121.628527580242
521 -1157.99140421302 22.9036274532746 2.68840368278234 -143.999755394475 -71.9998842129144
521 -592.802484284505 380.476594649792 -121.628527580242 -71.9998842129144 -71.9998841844927
269 -6925.13241006054 658.859761088593 -175.123364172691 -977.683227553428 -532.305113338793
269 658.859761088593 -3494.71361923293 13.6841848075164 43.1590900973333 331.674042570285
269 -175.123364172691 13.6841848075164 -3430.40968367347 -10.7050174165124 -88.2181095533952
269 -977.683227553428 43.1590900973333 -10.7050174165124 -144.00017246885 -72.000230950664
269 -532.305113338793 331.674042570285 -88.2181095533952 -72.000230950664 -72.0002309435586
769 -6599.43840219057 20.4859838106586 -20.6813166983011 -957.462165303014 -480.965879475548
769 20.4859838106586 -3317.06904626117 10.0292491964638 -2.14124803221694 298.852039080089
769 -20.6813166983011 10.0292491964638 -3282.3619567921 -2.16909056405257 -78.3705875377905
769 -957.462165303014 -2.14124803221694 -2.16909056405257 -144.000006969236 -71.9999925422599
769 -480.965879475548 298.852039080089 -78.3705875377905 -71.9999925422599 -71.9999925422599
19 -4784.74845616716 42.9147220444293 -18.9601240521142 -809.635898782801 -404.277810385878
19 42.9147220444293 -2275.40299990636 96.305191142676 5.09393935743674 235.227609486799
19 -18.9601240521142 96.305191142676 -2509.34261683966 -10.4382749235299 -119.625770508947
19 -809.635898782801 5.09393935743674 -10.4382749235299 -143.943597372242 -71.9665869333141
19 -404.277810385878 235.227609486799 -119.625770508947 -71.9665869333141 -71.9665869297614
770 -5977.43640685877 313.001662284762 -85.0901180200481 -909.518585899605 -476.557556027046
770 313.001662284762 -3105.23589257627 -58.4561151413254 18.3193906622137 303.975293125092
770 -85.0901180200481 -58.4561151413254 -2872.19496291868 -10.4675420296019 -60.9106347013721
770 -909.518585899605 18.3193906622137 -10.4675420296019 -144.000507781072 -72.0004315368783
770 -476.557556027046 303.975293125092 -60.9106347013721 -72.0004315368783 -72.0004315297729
20 -6072.32394075652 -132.731038540612 50.6818682666221 -916.796215015836 -450.471006370634
20 -132.731038540612 -3016.05915579017 -13.7255472907327 -9.99062216067159 279.152258926274
20 50.6818682666221 -13.7255472907327 -3056.2589232801 7.97104039662599 -69.776705011293
20 -916.796215015836 -9.99062216067159 7.97104039662599 -144.000229333585 -72.0000920999553
20 -450.471006370634 279.152258926274 -69.776705011293 -72.0000920999553 -72.000092103508
522 -6424.68443140842 169.37659788141 -58.8212088814544 -944.047819132265 -483.004350840588
522 169.37659788141 -3163.85652797635 -109.333052321858 14.292072236799 289.900906253138
522 -58.8212088814544 -109.333052321858 -3260.82095799052 -8.66221024864444 -88.2615941719678
522 -944.047819132265 14.292072236799 -8.66221024864444 -144.000096412356 -72.0000986831337
522 -483.004350840588 289.900906253138 -88.2615941719678 -72.0000986831337 -72.0000986831337
771 -5883.8626422073 -82.4788810760424 18.9619780961436 -902.211924596941 -448.927578684533
771 -82.4788810760424 -3050.77801952081 -17.3133862162445 -6.98582524094604 287.128225664901
771 18.9619780961436 -17.3133862162445 -2833.07936830113 12.7319543210547 -62.0676010534282
771 -902.211924596941 -6.98582524094604 12.7319543210547 -144.000678552914 -72.000309717879
771 -448.927578684533 287.128225664901 -62.0676010534282 -72.000309717879 -72.0003097285371
270 -7689.26626859923 356.350676582906 -105.185380007811 -1033.4652323678 -540.592374321136
270 356.350676582906 -3645.67433847185 -63.7278643864647 17.0210697234552 316.795437321105
270 -105.185380007811 -63.7278643864647 -4043.58018207063 2.44453383402288 -70.3903340948386
270 -1033.4652323678 17.0210697234552 2.44453383402288 -144.000697332558 -72.0005555763237
270 -540.592374321136 316.795437321105 -70.3903340948386 -72.0005555763237 -72.0005555621128
271 -9476.21227251716 513.425203948259 -132.984416325144 -1152.06713861937 -605.615326918496
271 513.425203948259 -4565.78921148321 -130.660941735528 24.0749013329378 353.948802171544
271 -132.984416325144 -130.660941735528 -4910.40297615086 -6.84339210010876 -106.709596600751
271 -1152.06713861937 24.0749013329378 -6.84339210010876 -144.000020654289 -72.0000116842812
271 -605.615326918496 353.948802171544 -106.709596600751 -72.0000116842812 -72.0000116842812
272 -5290.12004039231 257.232826101017 -32.5151668789658 -853.399569006541 -446.336564465355
272 257.232826101017 -2752.87894885423 2.93282624141966 18.217477872895 287.990540602578
272 -32.5151668789658 2.93282624141966 -2537.23723442079 5.39073353422737 -54.471207253215
272 -853.399569006541 18.217477872895 5.39073353422737 -144.000318549331 -72.0003640068967
272 -446.336564465355 287.990540602578 -54.471207253215 -72.0003640068967 -72.0003639997913
273 -5220.35688873501 39.9273220779151 -38.5484459357599 -847.435399975893 -429.015862593474
273 39.9273220779151 -2600.70274774904 -24.3369223653644 2.0413474217662 262.616390070747
273 -38.5484459357599 -24.3369223653644 -2619.65047695156 -2.19715862215253 -72.6468848597506
273 -847.435399975893 2.0413474217662 -2.19715862215253 -143.9995991106 -71.9999036817853
273 -429.015862593474 262.616390070747 -72.6468848597506 -71.9999036817853 -71.9999036746799
772 -6268.22060006305 244.690778274048 -77.3094335357882 -932.057333812963 -484.887921899713
772 244.690778274048 -3165.75197960844 -3.99077585200303 11.2185617666682 302.5868222295
772 -77.3094335357882 -3.99077585200303 -3102.46210678145 -8.75099171082638 -69.3070180659561
772 -932.057333812963 11.2185617666682 -8.75099171082638 -144.000054049798 -72.0001446410379
772 -484.887921899713 302.5868222295 -69.3070180659561 -72.0001446410379 -72.0001446552487
773 -6982.1269349859 20.7289615161699 -29.9611971144031 -987.016039189825 -492.402017840732
