1 0 0 0 0 0
1 0 0 0 0 0
1 0 0 0 0 0
1 0 0 0 0 0
1 0 0 0 0 0
2 -552336.172484928 -21635.4637650227 15047.7243912803 -164878.655684532 -158409.907645463
2 -21635.4637650227 -196702.306798159 172143.941626729 26516.5103392349 19912.9206836233
2 15047.7243912803 172143.941626729 -351117.101129716 173852.00461716 172056.803496162
2 -164878.655684532 26516.5103392349 173852.00461716 -209212.376120064 -31214.7229954718
2 -158409.907645463 19912.9206836233 172056.803496162 -31214.7229954718 -207960.133128836
3 -216063.505213867 86185.2518333706 -210218.438692152 128873.635269187 119830.294510123
3 86185.2518333706 -294861.471609124 229364.595631608 220804.829421411 217525.064203187
3 -210218.438692152 229364.595631608 -88138.8262236271 -10172.5994437345 -187128.955570216
3 128873.635269187 220804.829421411 -10172.5994437345 -78712.9028740594 -82671.4758408968
3 119830.294510123 217525.064203187 -187128.955570216 -82671.4758408968 -250191.214436484
4 -1483300.71302871 -1331144.73508704 1530286.24143573 -1472379.8950055 -1566913.30649024
4 -1331144.73508704 -1710763.82666897 1476886.82753696 -80594.9570739841 1012.95032276028
4 1530286.24143573 1476886.82753696 -1370508.7636892 1289472.51170362 1265530.63196759
4 -1472379.8950055 -80594.9570739841 1289472.51170362 -161698.038748483 -112417.223923828
4 -1566913.30649024 1012.95032276028 1265530.63196759 -112417.223923828 -153745.854257124
5 -3891.90224852598 281.19687850392 -105.898745523803 -725.899631632387 -1108.86551299672
5 281.19687850392 -1963.32999419724 115.784331242708 27.375033553767 271.133590281636
5 -105.898745523803 115.784331242708 -1928.57082729603 -20.0658375213436 -116.915050679012
5 -725.899631632387 27.375033553767 -20.0658375213436 -144.005574547634 -216.008522269107
5 -1108.86551299672 271.133590281636 -116.915050679012 -216.008522269107 -360.014489714899
6 -3613.08200369592 315.214487230264 -81.1425517923681 -694.489977625778 -1067.13980164841
6 315.214487230264 -1824.85024096479 -2.0349932725594 38.8316531996225 277.301458666557
6 -81.1425517923681 -2.0349932725594 -1788.23057503052 -8.71397609358837 -59.2517121233982
6 -694.489977625778 38.8316531996225 -8.71397609358837 -143.993746249294 -216.023966018497
6 -1067.13980164841 277.301458666557 -59.2517121233982 -216.023966018497 -360.084477605938
