751 0 0 0 0 0
751 0 0 0 0 0
751 0 0 0 0 0
751 0 0 0 0 0
751 0 0 0 0 0
501 0 0 0 0 0
501 0 0 0 0 0
501 0 0 0 0 0
501 0 0 0 0 0
501 0 0 0 0 0
251 -385135.738580175 -182941.598949924 10157.4979628936 -107928.063618374 -936.954917889921
251 -182941.598949924 -382492.599394055 102773.333508509 -99248.1169804478 58.0957636060475
251 10157.4979628936 102773.333508509 -279120.158228324 76222.6231529297 -101361.963342001
251 -107928.063618374 -99248.1169804478 76222.6231529297 -274498.511480942 -102286.018412372
251 -936.954917889921 58.0957636060475 -101361.963342001 -102286.018412372 -102286.018412457
1 -1437301.2502531 -1401692.87846118 110354.794392478 -77551.4935664177 -6438.57778158008
1 -1401692.87846118 -1441590.54588827 -1324425.35315207 58861.4366459836 -2045.99733026362
1 110354.794392478 -1324425.35315207 -1508317.26367943 -1377959.98975703 3703.81264809089
1 -77551.4935664177 58861.4366459836 -1377959.98975703 -1510117.99102422 -110015.81526525
1 -6438.57778158008 -2045.99733026362 3703.81264809089 -110015.81526525 -110015.815265356
752 0 0 0 0 0
752 0 0 0 0 0
752 0 0 0 0 0
752 0 0 0 0 0
752 0 0 0 0 0
252 0 0 0 0 0
252 0 0 0 0 0
252 0 0 0 0 0
252 0 0 0 0 0
252 0 0 0 0 0
753 0 0 0 0 0
753 0 0 0 0 0
753 0 0 0 0 0
753 0 0 0 0 0
753 0 0 0 0 0
502 -1696589.86602636 1389403.36903848 -1326061.9212775 -4155.70399339765 43820.8926512899
502 1389403.36903848 -1702303.64984397 1484673.66919421 -39400.2723368061 -17741.9504173812
502 -1326061.9212775 1484673.66919421 -1738379.78652482 -1412095.28700906 -1436846.82905246
502 -4155.70399339765 -39400.2723368061 -1412095.28700906 -318741.063554512 -229281.107845054
502 43820.8926512899 -17741.9504173812 -1436846.82905246 -229281.107845054 -229281.107845068
2 0 0 0 0 0
2 0 0 0 0 0
2 0 0 0 0 0
2 0 0 0 0 0
2 0 0 0 0 0
253 -352539.583089666 174555.73294491 -173836.177767228 687.490218588493 -759.216641249338
253 174555.73294491 -349819.25458591 173328.548050165 2078.49117371239 408.28513686364
253 -173836.177767228 173328.548050165 -349959.905526973 -173234.483829646 -173648.73278683
253 687.490218588493 2078.49117371239 -173234.483829646 -169069.740362971 -173428.843598067
253 -759.216641249338 408.28513686364 -173648.73278683 -173428.843598067 -173428.843597918
3 -1385917.91924753 -28844.3991437646 -1343821.92357174 67842.0978975538 22387.6942480246
3 -28844.3991437646 -24979.9630594509 -5396.59597049535 41115.9795996525 -4306.85492128191
3 -1343821.92357174 -5396.59597049535 -1359247.81008436 15582.3788328604 15581.7863804657
3 67842.0978975538 41115.9795996525 15582.3788328604 -1447785.5868661 -1409178.07051416
3 22387.6942480246 -4306.85492128191 15581.7863804657 -1409178.07051416 -1409178.07051417
503 0 0 0 0 0
503 0 0 0 0 0
503 0 0 0 0 0
503 0 0 0 0 0
503 0 0 0 0 0
754 0 0 0 0 0
754 0 0 0 0 0
754 0 0 0 0 0
754 0 0 0 0 0
754 0 0 0 0 0
254 0 0 0 0 0
254 0 0 0 0 0
254 0 0 0 0 0
254 0 0 0 0 0
254 0 0 0 0 0
4 0 0 0 0 0
4 0 0 0 0 0
4 0 0 0 0 0
4 0 0 0 0 0
4 0 0 0 0 0
755 -1816782.91441816 16645.7135177467 -1419225.80933343 -208930.98130766 3220.43614355749
755 16645.7135177467 -394971.590582671 16207.6771197803 -176154.259721955 -2548.43247743963
755 -1419225.80933343 16207.6771197803 -1467905.58796086 -1716.59338662522 -1533.76217605938
755 -208930.98130766 -176154.259721955 -1716.59338662522 -46888.154986874 -838.399001082735
755 3220.43614355749 -2548.43247743963 -1533.76217605938 -838.399001082735 -838.399000798518
504 -1844841.12008437 885534.409403334 1637626.82298804 -1573073.48104588 -1399036.75064002
504 885534.409403334 -1759171.58676219 -1159270.10190236 1288327.92593283 1416619.7621893
504 1637626.82298804 -1159270.10190236 -450369.190538481 317640.659752641 9696.40924725468
504 -1573073.48104588 1288327.92593283 317640.659752641 -50200.0084608483 -11060.1659064997
504 -1399036.75064002 1416619.7621893 9696.40924725468 -11060.1659064997 -11060.1659069687
255 0 0 0 0 0
255 0 0 0 0 0
255 0 0 0 0 0
255 0 0 0 0 0
255 0 0 0 0 0
505 -1539745.95719916 -1377740.32634488 -73829.1590274684 26332.9998640529 -600.838005496485
505 -1377740.32634488 -1427178.33360271 53440.2417175102 -36594.8834435557 -4.01471098143702
505 -73829.1590274684 53440.2417175102 -1605946.22464083 -1389660.33309968 333.698528933724
505 26332.9998640529 -36594.8834435557 -1389660.33309968 -1520388.67069803 -43.3314933871998
505 -600.838005496485 -4.01471098143702 333.698528933724 -43.3314933871998 -43.331493458254
756 0 0 0 0 0
756 0 0 0 0 0
756 0 0 0 0 0
756 0 0 0 0 0
756 0 0 0 0 0
256 0 0 0 0 0
256 0 0 0 0 0
256 0 0 0 0 0
256 0 0 0 0 0
256 0 0 0 0 0
506 0 0 0 0 0
506 0 0 0 0 0
506 0 0 0 0 0
506 0 0 0 0 0
506 0 0 0 0 0
5 -1558743.63598588 -30326.8082977581 1446840.0599113 -1484237.28709069 -12810.1929289244
5 -30326.8082977581 -69975.7556805025 30218.5838165485 -39666.8416802299 -45903.5620746846
5 1446840.0599113 30218.5838165485 -1482847.4386469 1499239.78931905 18656.8133333651
5 -1484237.28709069 -39666.8416802299 1499239.78931905 -107390.087072076 -88629.5489726194
5 -12810.1929289244 -45903.5620746846 18656.8133333651 -88629.5489726194 -88629.5489727615
757 -1687071.54461356 1450034.80708169 -1654437.38676802 20181.9466026052 16298.1701733997
757 1450034.80708169 -1492055.69793091 1492584.65325215 1411722.23704851 1422837.47286555
757 -1654437.38676802 1492584.65325215 -1734683.8712657 -80508.6954206757 -94196.7283310561
757 20181.9466026052 1411722.23704851 -80508.6954206757 -143750.096613502 -140072.035992716
757 16298.1701733997 1422837.47286555 -94196.7283310561 -140072.035992716 -140072.035992858
257 0 0 0 0 0
257 0 0 0 0 0
257 0 0 0 0 0
257 0 0 0 0 0
257 0 0 0 0 0
507 -263090.878110802 48456.6089070313 -81830.747024668 -191496.727115251 -207955.487917971
507 48456.6089070313 -195230.859026566 77233.779118842 -54972.2809457904 34029.1674002771
507 -81830.747024668 77233.779118842 -219596.132593693 -213215.535961169 -173656.903855417
507 -191496.727115251 -54972.2809457904 -213215.535961169 -261641.643891522 -212201.137776603
507 -207955.487917971 34029.1674002771 -173656.903855417 -212201.137776603 -212201.137776589
6 -3007436.95451166 1160437.94630613 -2621820.12969691 -2889649.51348164 -2889549.45343974
6 1160437.94630613 -1577658.66413715 1437555.26851464 1457878.35279897 1457832.67521304
6 -2621820.12969691 1437555.26851464 -2901367.04367782 -1380777.88946899 -1380792.55781939
6 -2889649.51348164 1457878.35279897 -1380777.88946899 -54797.7467987835 -54791.6590963951
6 -2889549.45343974 1457832.67521304 -1380792.55781939 -54791.6590963951 -54791.6590966224
258 -1733367.66973935 1432219.90438289 1351395.93772109 -15099.2840213462 7248.07300960606
258 1432219.90438289 -1650340.68980412 -1446911.2663391 3293.56684309801 -7386.36904814882
258 1351395.93772109 -1446911.2663391 -288421.12717993 59555.673023084 -269.606530906685
258 -15099.2840213462 3293.56684309801 59555.673023084 -262338.84049455 26653.9336084151
258 7248.07300960606 -7386.36904814882 -269.606530906685 26653.9336084151 26653.933608543
508 -1730674.52989706 33478.8798702164 1603745.54836233 12394.2681426428 -658.507952849163
508 33478.8798702164 -172552.761955757 -7821.87890729347 -9084.26116102135 -6637.5817021509
508 1603745.54836233 -7821.87890729347 -1548293.76175439 -3081.79805588793 -35.3322086255048
508 12394.2681426428 -9084.26116102135 -3081.79805588793 -127873.048486066 -127854.051804732
508 -658.507952849163 -6637.5817021509 -35.3322086255048 -127854.051804732 -127854.051804633
259 -1788510.13042913 1106256.37692132 32704.7820920541 56632.2708324805 82535.8733450301
259 1106256.37692132 -1655515.43958843 12073.1000137084 25416.2552430728 51458.3154341324
259 32704.7820920541 12073.1000137084 -160446.984889148 -102412.030951427 -90786.7515228275
259 56632.2708324805 25416.2552430728 -102412.030951427 -131948.732338884 -99994.1844701482
259 82535.8733450301 51458.3154341324 -90786.7515228275 -99994.1844701482 -99994.1844700629
758 -515900.356383781 -98659.3126452817 39439.4758392877 -373535.084118572 -98169.3637647396
758 -98659.3126452817 -523904.686160051 36201.1765540444 -180563.364917816 100557.75994303
758 39439.4758392877 36201.1765540444 -211948.663124446 68817.3378623986 2274.96712810193
758 -373535.084118572 -180563.364917816 68817.3378623986 -494423.430768279 -99819.2933464992
758 -98169.3637647396 100557.75994303 2274.96712810193 -99819.2933464992 -99819.2933464566
7 -3013663.12820184 -2890622.44275806 -1588789.56533528 67336.2132654632 38166.0230307119
7 -2890622.44275806 -3044596.62919308 -1382593.54304654 -1368998.56637305 103424.500856491
7 -1588789.56533528 -1382593.54304654 -1650839.40959661 4754.46522493428 5056.82922488404
7 67336.2132654632 -1368998.56637305 4754.46522493428 -62017.4180886579 -50347.7550327034
7 38166.0230307119 103424.500856491 5056.82922488404 -50347.7550327034 -50347.7550328455
260 0 0 0 0 0
260 0 0 0 0 0
260 0 0 0 0 0
260 0 0 0 0 0
260 0 0 0 0 0
509 -1737075.59688813 140501.958139055 -70840.9249267561 64324.547488269 9459.71510756749
509 140501.958139055 -199111.528704975 -54895.8069936134 2287.99294205828 2548.28332791135
509 -70840.9249267561 -54895.8069936134 -235242.140664724 12438.3151876373 11820.0753918103
509 64324.547488269 2287.99294205828 12438.3151876373 -256723.532363623 -210291.432505002
509 9459.71510756749 2548.28332791135 11820.0753918103 -210291.432505002 -210291.432505073
8 0 0 0 0 0
8 0 0 0 0 0
8 0 0 0 0 0
8 0 0 0 0 0
8 0 0 0 0 0
759 -1665830.83265624 -426.280165953585 1509447.59498626 -1464644.73921716 -22114.8681763026
759 -426.280165953585 -4122.40855555979 -4449.13835215743 -2051.80606300814 -7.61528302462011
759 1509447.59498626 -4449.13835215743 -1669326.86926296 1422160.41863527 -22120.7903012299
759 -1464644.73921716 -2051.80606300814 1422160.41863527 -64969.1664557963 -66906.9919646859
759 -22114.8681763026 -7.61528302462011 -22120.7903012299 -66906.9919646859 -66906.9919647995
510 -2699449.41724947 1400731.8452735 -205473.153899391 -1294259.37210195 -1383967.05982397
510 1400731.8452735 -1184428.9835249 1147465.70428849 1625844.19816888 1419455.05286627
510 -205473.153899391 1147465.70428849 -2611023.09567391 56709.2129194435 100978.426070029
510 -1294259.37210195 1625844.19816888 56709.2129194435 -96670.6513163444 -33888.8628815823
510 -1383967.05982397 1419455.05286627 100978.426070029 -33888.8628815823 -33888.8628817813
261 -4741723.91045789 1488079.36885132 265320.397014619 -181349.51649229 -192882.319991455
261 1488079.36885132 -3277763.99200593 -40866.246806587 -133367.024099911 -26002.2531489312
261 265320.397014619 -40866.246806587 -1841396.02259992 1583787.4101332 1590802.15818382
261 -181349.51649229 -133367.024099911 1583787.4101332 -1598534.0683952 -1579086.47814772
261 -192882.319991455 -26002.2531489312 1590802.15818382 -1579086.47814772 -1579086.47814745
9 -1636869.17734699 1225516.52646848 198733.505483204 -93520.2263432728 28881.3364693254
9 1225516.52646848 -1586868.46553309 18577.8054695049 -47877.9571762971 77584.1031304196
9 198733.505483204 18577.8054695049 -162353.390338552 22595.6835980696 5229.37052708983
9 -93520.2263432728 -47877.9571762971 22595.6835980696 -1525199.93090226 -1520213.71458147
9 28881.3364693254 77584.1031304196 5229.37052708983 -1520213.71458147 -1520213.71458147
262 0 0 0 0 0
262 0 0 0 0 0
262 0 0 0 0 0
262 0 0 0 0 0
262 0 0 0 0 0
760 0 0 0 0 0
760 0 0 0 0 0
760 0 0 0 0 0
760 0 0 0 0 0
760 0 0 0 0 0
511 -1603098.49727301 20878.8228270862 1630557.15605296 -241990.078843202 -13547.0101467376
511 20878.8228270862 -2248.17558867585 8611.6211007834 66763.0286216081 -3649.11438686022
511 1630557.15605296 8611.6211007834 -1615708.23939559 120350.199741893 3237.35160546335
511 -241990.078843202 66763.0286216081 120350.199741893 -21779.8824563431 -17214.8753182029
511 -13547.0101467376 -3649.11438686022 3237.35160546335 -17214.8753182029 -17214.8753180181
263 0 0 0 0 0
263 0 0 0 0 0
263 0 0 0 0 0
263 0 0 0 0 0
263 0 0 0 0 0
10 0 0 0 0 0
10 0 0 0 0 0
10 0 0 0 0 0
10 0 0 0 0 0
10 0 0 0 0 0
761 0 0 0 0 0
761 0 0 0 0 0
761 0 0 0 0 0
761 0 0 0 0 0
761 0 0 0 0 0
264 0 0 0 0 0
264 0 0 0 0 0
264 0 0 0 0 0
264 0 0 0 0 0
264 0 0 0 0 0
512 -1838502.90423752 15515.3357567599 -1492387.90425929 13515.2265379617 -324.874624780591
512 15515.3357567599 -340315.277217854 11361.6154048373 967.934983734153 -988.028972955135
512 -1492387.90425929 11361.6154048373 -201225.675618275 45191.8986518507 -259.63628303316
512 13515.2265379617 967.934983734153 45191.8986518507 -212387.563383658 -174688.58677158
512 -324.874624780591 -988.028972955135 -259.63628303316 -174688.58677158 -174688.586771708
11 -1863038.75926734 29654.670662552 -1675522.76115242 71130.3714136733 72978.8487259526
11 29654.670662552 -379591.552549783 200696.883386684 1868.12952870241 1553.06170785252
11 -1675522.76115242 200696.883386684 -1713983.68856143 -174419.911617122 -174094.636553463
11 71130.3714136733 1868.12952870241 -174419.911617122 -56280.415872493 -56890.1567236821
11 72978.8487259526 1553.06170785252 -174094.636553463 -56890.1567236821 -56890.1567239379
762 -1532376.47852978 1598365.3140342 1172121.10545617 15979.6985869036 7719.2903320622
762 1598365.3140342 -1461354.17144214 -1601167.90817196 2474.53793282659 -215.694296116453
762 1172121.10545617 -1601167.90817196 -1609685.4023458 1461599.07978526 1463330.93422972
762 15979.6985869036 2474.53793282659 1461599.07978526 -66792.6138208656 -68075.4214260446
762 7719.2903320622 -215.694296116453 1463330.93422972 -68075.4214260446 -68075.4214262436
265 0 0 0 0 0
265 0 0 0 0 0
265 0 0 0 0 0
265 0 0 0 0 0
265 0 0 0 0 0
12 -1736144.19105675 1604593.9167563 -32657.5457864351 40744.3538439054 42666.5645050406
12 1604593.9167563 -1600572.972164 252.00121373814 -40857.7096298899 -25626.5991944389
12 -32657.5457864351 252.00121373814 -177773.159374766 -33157.6166149574 -26517.2608730211
12 40744.3538439054 -40857.7096298899 -33157.6166149574 -188991.426061904 -201296.421225322
12 42666.5645050406 -25626.5991944389 -26517.2608730211 -201296.421225322 -201296.421225379
513 -1576049.92989199 -34900.0046225001 1519523.42265518 -1541451.0510603 377.28577967755
513 -34900.0046225001 -144556.268482503 -6974.24872392105 78637.0559345713 104546.375552118
513 1519523.42265518 -6974.24872392105 -1547134.97545954 1513026.11090747 194.541313113916
513 -1541451.0510603 78637.0559345713 1513026.11090747 -206335.463931993 -124541.994757628
513 377.28577967755 104546.375552118 194.541313113916 -124541.994757628 -124541.994757905
13 -1357301.70283088 -13544.0795839372 -65131.614057222 123734.722006809 90315.8748478105
13 -13544.0795839372 -1300138.05636624 28051.8933686551 -60487.8135573231 -89837.87984657
13 -65131.614057222 28051.8933686551 -1350871.09072965 33107.5052810448 37232.0144403062
13 123734.722006809 -60487.8135573231 33107.5052810448 -1415317.04027415 -1397993.31691126
13 90315.8748478105 -89837.87984657 37232.0144403062 -1397993.31691126 -1397993.31691169
266 -3428207.30092737 -19717.700540042 1654463.36573132 -2896147.05362786 -1439845.48917172
266 -19717.700540042 -3408379.91992007 1426476.43387582 -54610.6377342141 1439476.48429544
266 1654463.36573132 1426476.43387582 -644277.23270515 71874.6280572873 72986.4612128637
266 -2896147.05362786 -54610.6377342141 71874.6280572873 -586336.695525773 -246531.380936744
266 -1439845.48917172 1439476.48429544 72986.4612128637 -246531.380936744 -246531.380936545
514 -328841.168664695 199825.749877306 -194243.473213078 -205780.405390669 -203462.35254884
514 199825.749877306 -152099.669063432 38975.2491778665 135317.842191185 173658.61733974
514 -194243.473213078 38975.2491778665 -177721.338471031 7885.05628825931 -29588.9993390119
514 -205780.405390669 135317.842191185 7885.05628825931 -92585.8599719902 -134950.661145524
514 -203462.35254884 173658.61733974 -29588.9993390119 -134950.661145524 -134950.661145297
763 -1664616.7230395 825.9535258901 -1198862.67142104 -1525294.20424466 -1426735.34145312
763 825.9535258901 -362310.874608312 -96928.2728666201 127.151793137159 98490.7596933908
763 -1198862.67142104 -96928.2728666201 -1565095.01067904 -1209709.92142583 -1209053.26863036
763 -1525294.20424466 127.151793137159 -1209709.92142583 -153959.978413127 17679.0953577779
763 -1426735.34145312 98490.7596933908 -1209053.26863036 17679.0953577779 17679.0953579484
515 0 0 0 0 0
515 0 0 0 0 0
515 0 0 0 0 0
515 0 0 0 0 0
515 0 0 0 0 0
764 0 0 0 0 0
764 0 0 0 0 0
764 0 0 0 0 0
764 0 0 0 0 0
764 0 0 0 0 0
267 0 0 0 0 0
267 0 0 0 0 0
267 0 0 0 0 0
267 0 0 0 0 0
267 0 0 0 0 0
516 0 0 0 0 0
516 0 0 0 0 0
516 0 0 0 0 0
516 0 0 0 0 0
516 0 0 0 0 0
765 0 0 0 0 0
765 0 0 0 0 0
765 0 0 0 0 0
765 0 0 0 0 0
765 0 0 0 0 0
14 -1798124.30061546 -208194.913519435 -1247128.73316503 82210.0029520527 19821.180278484
14 -208194.913519435 -1650578.23865968 1391988.47341609 1411633.33112118 1465282.95605779
14 -1247128.73316503 1391988.47341609 -1634770.40200706 -5917.12961865198 12418.0327160701
14 82210.0029520527 1411633.33112118 -5917.12961865198 -37853.1947454519 -38791.7962025739
14 19821.180278484 1465282.95605779 12418.0327160701 -38791.7962025739 -38791.7962027018
766 -2852834.64225287 -1551770.67922891 160337.961648594 -1520317.25885896 18097.8039857038
766 -1551770.67922891 -2906784.39696354 1482277.30905317 -36999.7410514387 -18179.4059294731
766 160337.961648594 1482277.30905317 -1387348.46746966 24729.4191485281 18110.5948713167
766 -1520317.25885896 -36999.7410514387 24729.4191485281 -1442679.38299993 -1452019.61962216
766 18097.8039857038 -18179.4059294731 18110.5948713167 -1452019.61962216 -1452019.61962204
517 -2825605.43762628 -83489.7355920816 -1448277.87944456 73838.890270622 55997.0542444859
517 -83489.7355920816 -2907371.65352419 -1460496.72618136 -16645.8091527488 -17632.0819107616
517 -1448277.87944456 -1460496.72618136 -1614890.20117864 -1455158.1173484 9118.04927437743
517 73838.890270622 -16645.8091527488 -1455158.1173484 -104450.98481577 -105349.367098256
517 55997.0542444859 -17632.0819107616 9118.04927437743 -105349.367098256 -105349.367098029
15 -1726011.15722271 -60688.5831003439 1589587.19131944 -26671.911384291 -7424.95086117145
15 -60688.5831003439 -274503.572804804 36456.7532991202 31961.9804877291 31323.3161988578
15 1589587.19131944 36456.7532991202 -1740804.38615066 -5141.19003378255 -27379.3310890014
15 -26671.911384291 31961.9804877291 -5141.19003378255 -264956.318207226 -56922.7765976308
15 -7424.95086117145 31323.3161988578 -27379.3310890014 -56922.7765976308 -56922.7765978439
268 -1853969.27869985 1151656.45105006 -72698.5242577882 -99170.6261818024 -101838.728559059
268 1151656.45105006 -1679522.07471026 70630.1777242686 103316.400378958 101741.099437774
268 -72698.5242577882 70630.1777242686 -450078.568750911 173330.725321321 -715.149315439589
268 -99170.6261818024 103316.400378958 173330.725321321 -177336.253025146 -403.055624374815
268 -101838.728559059 101741.099437774 -715.149315439589 -403.055624374815 -403.055624559556
16 -3067907.53297861 1270405.66381933 151342.412222505 20696.906986629 15995.8518230923
16 1270405.66381933 -1711605.66930436 -1167640.22417632 -45670.8004784048 -3997.75345260878
16 151342.412222505 -1167640.22417632 -1658669.6871758 218235.688258545 19294.6767529776
16 20696.906986629 -45670.8004784048 218235.688258545 -337654.673720238 4425.72854424839
16 15995.8518230923 -3997.75345260878 19294.6767529776 4425.72854424839 4425.7285441347
767 0 0 0 0 0
767 0 0 0 0 0
767 0 0 0 0 0
767 0 0 0 0 0
767 0 0 0 0 0
518 0 0 0 0 0
518 0 0 0 0 0
518 0 0 0 0 0
518 0 0 0 0 0
518 0 0 0 0 0
17 0 0 0 0 0
17 0 0 0 0 0
17 0 0 0 0 0
17 0 0 0 0 0
17 0 0 0 0 0
768 0 0 0 0 0
768 0 0 0 0 0
768 0 0 0 0 0
768 0 0 0 0 0
768 0 0 0 0 0
519 0 0 0 0 0
519 0 0 0 0 0
519 0 0 0 0 0
519 0 0 0 0 0
519 0 0 0 0 0
269 -1509891.22355563 -49034.658501057 1276871.54731495 27420.7035307938 23120.678003707
269 -49034.658501057 -1538146.6545212 -17416.680581448 1332124.55293125 1420663.82467189
269 1276871.54731495 -17416.680581448 -1534547.75087846 487.394170534117 -12974.9978513161
269 27420.7035307938 1332124.55293125 487.394170534117 -1602918.13018122 -1486512.58968411
269 23120.678003707 1420663.82467189 -12974.9978513161 -1486512.58968411 -1486512.58968403
18 0 0 0 0 0
18 0 0 0 0 0
18 0 0 0 0 0
18 0 0 0 0 0
18 0 0 0 0 0
520 0 0 0 0 0
520 0 0 0 0 0
520 0 0 0 0 0
520 0 0 0 0 0
520 0 0 0 0 0
769 -1409163.43551376 22917.7981760956 -1383160.65235951 -1499274.38402387 -1426547.19027793
769 22917.7981760956 12710.5930514233 8622.22409477909 -73797.440303153 -1419.68559803729
769 -1383160.65235951 8622.22409477909 -1443528.29291165 -1441466.09349305 -1440281.93774308
769 -1499274.38402387 -73797.440303153 -1441466.09349305 -9901.62709715037 -4412.82410200472
769 -1426547.19027793 -1419.68559803729 -1440281.93774308 -4412.82410200472 -4412.82410201893
19 -697371.250349732 -74387.9593957786 -62977.4841959261 -292196.35065057 -42830.2285388185
19 -74387.9593957786 -152495.109539728 129657.420129547 -180379.714494023 -3236.79747586425
19 -62977.4841959261 129657.420129547 -827231.140779048 222626.933595919 -52354.3867891618
19 -292196.35065057 -180379.714494023 222626.933595919 -330312.685184879 -230348.400959073
19 -42830.2285388185 -3236.79747586425 -52354.3867891618 -230348.400959073 -230348.400958604
770 0 0 0 0 0
770 0 0 0 0 0
770 0 0 0 0 0
770 0 0 0 0 0
770 0 0 0 0 0
521 -1861909.35539136 60816.1395198863 -1515730.8663687 82397.8473935085 57321.1742571118
521 60816.1395198863 -1679166.04538715 -108337.182230343 -156226.524903957 -929.57427672502
521 -1515730.8663687 -108337.182230343 -1876228.87955254 67522.2976723404 56927.7742788046
521 82397.8473935085 -156226.524903957 67522.2976723404 -1591837.09928277 -40070.5509382959
521 57321.1742571118 -929.57427672502 56927.7742788046 -40070.5509382959 -40070.5509380543
270 -1129548.90034942 1127513.84411735 1125184.5550614 -1174625.55002891 -1172627.30842624
270 1127513.84411735 -1132634.35580572 -1149239.63616278 1177059.14263661 1177109.66253881
270 1125184.5550614 -1149239.63616278 -1156554.31734095 5292.48107901026 3196.01318174989
270 -1174625.55002891 1177059.14263661 5292.48107901026 -5250.95781748064 -1292.15099852331
270 -1172627.30842624 1177109.66253881 3196.01318174989 -1292.15099852331 -1292.15099869384
771 0 0 0 0 0
771 0 0 0 0 0
771 0 0 0 0 0
771 0 0 0 0 0
771 0 0 0 0 0
271 0 0 0 0 0
271 0 0 0 0 0
271 0 0 0 0 0
271 0 0 0 0 0
271 0 0 0 0 0
20 -452194.94782674 -272005.681476912 675.123200636563 -176621.595971497 -3875.42426700804
20 -272005.681476912 -447633.444766666 -2023.79196221614 -177831.582721623 -3766.12279966082
20 675.123200636563 -2023.79196221614 -179955.160011104 369.519935119911 -272.247381474244
20 -176621.595971497 -177831.582721623 369.519935119911 -175185.993778143 -1948.1578300713
20 -3875.42426700804 -3766.12279966082 -272.247381474244 -1948.1578300713 -1948.1578298155
522 0 0 0 0 0
522 0 0 0 0 0
522 0 0 0 0 0
522 0 0 0 0 0
522 0 0 0 0 0
772 -1330149.34114502 1374988.8721517 38405.5714048941 8254.10498023871 28501.6096494957
772 1374988.8721517 -1316801.35362834 1419192.43635968 14074.8167649178 8138.3078151589
772 38405.5714048941 1419192.43635968 -1362518.30747031 -1354621.86816994 -1376502.92374188
772 8254.10498023871 14074.8167649178 -1354621.86816994 53060.7995343928 29787.1807798202
772 28501.6096494957 8138.3078151589 -1376502.92374188 29787.1807798202 29787.1807800618
21 0 0 0 0 0
21 0 0 0 0 0
21 0 0 0 0 0
21 0 0 0 0 0
21 0 0 0 0 0
272 -1480446.10076136 -47073.3057194366 179440.335766642 6560.60330836539 14127.057481538
272 -47073.3057194366 -1421877.2640828 -48887.0117557383 -23039.9119575964 -19793.965090912
272 179440.335766642 -48887.0117557383 -1486869.72194358 22129.4570482655 18124.6693034183
272 6560.60330836539 -23039.9119575964 22129.4570482655 -1442865.13117744 -1447685.83034531
272 14127.057481538 -19793.965090912 18124.6693034183 -1447685.83034531 -1447685.83034507
523 0 0 0 0 0
523 0 0 0 0 0
523 0 0 0 0 0
523 0 0 0 0 0
523 0 0 0 0 0
773 0 0 0 0 0
773 0 0 0 0 0
773 0 0 0 0 0
773 0 0 0 0 0
773 0 0 0 0 0
22 0 0 0 0 0
22 0 0 0 0 0
22 0 0 0 0 0
22 0 0 0 0 0
22 0 0 0 0 0
273 0 0 0 0 0
273 0 0 0 0 0
273 0 0 0 0 0
273 0 0 0 0 0
273 0 0 0 0 0
774 -1443466.1562339 1429673.13734671 -1442355.06446689 21423.8832532061 12467.6836481684
774 1429673.13734671 -1477552.29497935 1471155.40781118 -41536.5426682328 4097.7512103666
774 -1442355.06446689 1471155.40781118 -1420851.37525919 -1487018.81748352 -1481895.87199283
774 21423.8832532061 -41536.5426682328 -1487018.81748352 36761.3409461711 2217.42806439096
774 12467.6836481684 4097.7512103666 -1481895.87199283 2217.42806439096 2217.42806428438
524 0 0 0 0 0
524 0 0 0 0 0
524 0 0 0 0 0
524 0 0 0 0 0
524 0 0 0 0 0
23 0 0 0 0 0
23 0 0 0 0 0
23 0 0 0 0 0
23 0 0 0 0 0
23 0 0 0 0 0
775 0 0 0 0 0
775 0 0 0 0 0
775 0 0 0 0 0
775 0 0 0 0 0
775 0 0 0 0 0
776 0 0 0 0 0
776 0 0 0 0 0
776 0 0 0 0 0
776 0 0 0 0 0
776 0 0 0 0 0
274 -1820690.66330769 -62138.3379809686 -1458670.46053448 -250974.201636396 -69951.2404784315
274 -62138.3379809686 -266790.016514193 106716.952040813 -68110.6914209266 103987.191498206
274 -1458670.46053448 106716.952040813 -1474238.27455506 -69926.9566657819 -61130.0796140455
274 -250974.201636396 -68110.6914209266 -69926.9566657819 -49816.8173083684 -18939.9250023996
274 -69951.2404784315 103987.191498206 -61130.0796140455 -18939.9250023996 -18939.9250022007
525 -2745931.18905489 -1729125.62664027 -99813.4649353517 -65163.2376888074 -73184.9865749581
525 -1729125.62664027 -1278994.73643217 1697959.63899634 13700.4746064946 -428.901778050772
525 -99813.4649353517 1697959.63899634 -1266193.16698481 1277995.03547216 -281187.078514975
525 -65163.2376888074 13700.4746064946 1277995.03547216 -7010.28629521261 -345.391579230636
525 -73184.9865749581 -428.901778050772 -281187.078514975 -345.391579230636 -345.391579173793
777 0 0 0 0 0
777 0 0 0 0 0
777 0 0 0 0 0
777 0 0 0 0 0
777 0 0 0 0 0
275 0 0 0 0 0
275 0 0 0 0 0
275 0 0 0 0 0
275 0 0 0 0 0
275 0 0 0 0 0
778 0 0 0 0 0
778 0 0 0 0 0
778 0 0 0 0 0
778 0 0 0 0 0
778 0 0 0 0 0
24 -411713.000373368 -99276.0184879842 -269529.177735365 -79182.8387329758 -71350.9463713962
24 -99276.0184879842 -241449.512934253 -241023.385151522 -99005.6929484808 71064.8778107981
24 -269529.177735365 -241023.385151522 -411057.644575578 -91220.5605457359 70385.2685984998
24 -79182.8387329758 -99005.6929484808 -91220.5605457359 -338463.803685727 -169588.11320599
24 -71350.9463713962 71064.8778107981 70385.2685984998 -169588.11320599 -169588.113206203
276 0 0 0 0 0
276 0 0 0 0 0
276 0 0 0 0 0
276 0 0 0 0 0
276 0 0 0 0 0
526 -3055737.22967392 -1426837.69654312 -135188.223545441 -1498348.98928577 8765.37586268
526 -1426837.69654312 -1644917.19783317 -1519686.93276095 -1180.59754376532 -5529.51098210031
526 -135188.223545441 -1519686.93276095 -3096204.83750044 -1481616.77535219 20565.5638845457
526 -1498348.98928577 -1180.59754376532 -1481616.77535219 -140657.10782242 -116498.226037493
526 8765.37586268 -5529.51098210031 20565.5638845457 -116498.226037493 -116498.226037294
779 0 0 0 0 0
779 0 0 0 0 0
779 0 0 0 0 0
779 0 0 0 0 0
779 0 0 0 0 0
25 0 0 0 0 0
25 0 0 0 0 0
25 0 0 0 0 0
25 0 0 0 0 0
25 0 0 0 0 0
277 0 0 0 0 0
277 0 0 0 0 0
277 0 0 0 0 0
277 0 0 0 0 0
277 0 0 0 0 0
780 0 0 0 0 0
780 0 0 0 0 0
780 0 0 0 0 0
780 0 0 0 0 0
780 0 0 0 0 0
26 0 0 0 0 0
26 0 0 0 0 0
26 0 0 0 0 0
26 0 0 0 0 0
26 0 0 0 0 0
527 -3265074.14156748 -1406476.40528422 1406469.47862984 -3620.79487167932 -2929.39875818377
527 -1406476.40528422 -281821.4341778 77525.90367366 169523.768918566 172073.854265776
527 1406469.47862984 77525.90367366 -1763483.06604197 108092.288735122 107353.900973067
527 -3620.79487167932 169523.768918566 108092.288735122 -6239.71415603819 -2889.15614031282
527 -2929.39875818377 172073.854265776 107353.900973067 -2889.15614031282 -2889.15614083862
27 0 0 0 0 0
27 0 0 0 0 0
27 0 0 0 0 0
27 0 0 0 0 0
27 0 0 0 0 0
781 -521787.851219301 82876.4982594095 -271527.97933033 15363.7369082276 15931.8839068234
781 82876.4982594095 -457849.539262739 -174892.130736239 -185864.448873254 -12205.766693647
781 -271527.97933033 -174892.130736239 -348512.601334093 4219.4427122908 4415.50420496384
781 15363.7369082276 -185864.448873254 4219.4427122908 -103326.998064802 -101852.362469877
781 15931.8839068234 -12205.766693647 4415.50420496384 -101852.362469877 -101852.362469685
278 -1820664.15480278 -1416530.99914888 44943.8884194535 45995.0283263879 4852.09737725256
278 -1416530.99914888 -1835870.22814396 1583807.80635781 -9458.73761004634 56109.2327237702
278 44943.8884194535 1583807.80635781 -1603550.19242596 1613877.37880575 9698.02708092971
278 45995.0283263879 -9458.73761004634 1613877.37880575 -113207.49274924 -67212.4045258045
278 4852.09737725256 56109.2327237702 9698.02708092971 -67212.4045258045 -67212.404525776
528 0 0 0 0 0
528 0 0 0 0 0
528 0 0 0 0 0
528 0 0 0 0 0
528 0 0 0 0 0
28 -1643419.21180848 -1373918.07083029 1494634.72033159 17847.7591803059 -190.727440575245
28 -1373918.07083029 -1584629.20342167 1500833.62889035 18218.2884902247 164.117895643244
28 1494634.72033159 1500833.62889035 -1621939.32111609 1536926.50206059 92.4337188692448
28 17847.7591803059 18218.2884902247 1536926.50206059 -100982.742602028 -100944.909909657
28 -190.727440575245 164.117895643244 92.4337188692448 -100944.909909657 -100944.909909657
782 -4360165.23438616 1498702.06504423 1513092.08067585 31395.5550076059 30213.377318745
782 1498702.06504423 -47539.7103462285 1150.1065078221 19037.8424669291 22989.7472565028
782 1513092.08067585 1150.1065078221 -4367842.91604462 61055.6038502921 56412.3066214108
782 31395.5550076059 19037.8424669291 61055.6038502921 -66356.1671169362 -63362.556060838
782 30213.377318745 22989.7472565028 56412.3066214108 -63362.556060838 -63362.5560606674
529 0 0 0 0 0
529 0 0 0 0 0
529 0 0 0 0 0
529 0 0 0 0 0
529 0 0 0 0 0
279 -1596008.3013517 -300245.245734033 -1169069.91143682 21119.2797991373 28340.1255016713
279 -300245.245734033 -1636831.16825979 120383.067469078 -11174.1366018663 -13754.8632709326
279 -1169069.91143682 120383.067469078 -1460136.65448652 118837.920823367 19481.8843967823
279 21119.2797991373 -11174.1366018663 118837.920823367 -1475744.19180094 -1427010.44495067
279 28340.1255016713 -13754.8632709326 19481.8843967823 -1427010.44495067 -1427010.44495044
29 -2875916.55542262 -14519.6109194929 7252.19221253332 -1416750.90201172 24568.9236433931
29 -14519.6109194929 -23782.1021589468 -4099.59590653841 973.806312465797 -4639.03486927819
29 7252.19221253332 -4099.59590653841 -2831246.04886326 1465184.71482529 18454.1219506045
29 -1416750.90201172 973.806312465797 1465184.71482529 -26757.6853172642 -398.853216111661
29 24568.9236433931 -4639.03486927819 18454.1219506045 -398.853216111661 -398.853216452721
280 -3016213.9288627 -63925.9844205924 -191498.431068567 -2723951.31237981 -1324487.66187532
280 -63925.9844205924 -1392973.49833996 -2737043.31273925 1338306.53414689 1332864.16187858
280 -191498.431068567 -2737043.31273925 -2996617.62876471 -1441618.67136789 -7994.8340475795
280 -2723951.31237981 1338306.53414689 -1441618.67136789 -99664.9237746965 -77200.6017800493
280 -1324487.66187532 1332864.16187858 -7994.8340475795 -77200.6017800493 -77200.6017801914
30 0 0 0 0 0
30 0 0 0 0 0
30 0 0 0 0 0
30 0 0 0 0 0
30 0 0 0 0 0
783 -1569166.75806636 1522154.67751108 29832.1538145956 -18248.5216923283 473.593741219247
783 1522154.67751108 -1531084.80108261 -66534.188016675 -26171.384846009 -29217.5780974873
783 29832.1538145956 -66534.188016675 -1424969.31772556 -18803.1807556399 -20424.2415595246
783 -18248.5216923283 -26171.384846009 -18803.1807556399 -1549235.98069055 -1550962.22963223
783 473.593741219247 -29217.5780974873 -20424.2415595246 -1550962.22963223 -1550962.22963212
31 -2824505.68102524 -18636.5828326984 2165.33975532229 -1437240.50922196 -5193.67982947472
31 -18636.5828326984 -2851788.71033921 -1981.82968912874 -1451867.79082744 -17832.183140996
31 2165.33975532229 -1981.82968912874 -39118.8938002642 7150.81367253845 4097.49733196918
31 -1437240.50922196 -1451867.79082744 7150.81367253845 -12635.2854336176 -13136.7614339268
31 -5193.67982947472 -17832.183140996 4097.49733196918 -13136.7614339268 -13136.7614341968
530 -1546500.51570741 54893.2727450335 -1537206.38954175 -1462598.7909568 -1454898.37918439
530 54893.2727450335 -75448.2647128043 -4394.27982783513 -81581.2536041847 -80001.0750003679
530 -1537206.38954175 -4394.27982783513 -1544817.56920921 -1430554.91039929 -1432455.72974271
530 -1462598.7909568 -81581.2536041847 -1430554.91039929 -100295.276785744 -97415.9014185148
530 -1454898.37918439 -80001.0750003679 -1432455.72974271 -97415.9014185148 -97415.9014182589
281 0 0 0 0 0
281 0 0 0 0 0
281 0 0 0 0 0
281 0 0 0 0 0
281 0 0 0 0 0
784 0 0 0 0 0
784 0 0 0 0 0
784 0 0 0 0 0
784 0 0 0 0 0
784 0 0 0 0 0
32 0 0 0 0 0
32 0 0 0 0 0
32 0 0 0 0 0
32 0 0 0 0 0
32 0 0 0 0 0
531 0 0 0 0 0
531 0 0 0 0 0
531 0 0 0 0 0
531 0 0 0 0 0
531 0 0 0 0 0
282 0 0 0 0 0
282 0 0 0 0 0
282 0 0 0 0 0
282 0 0 0 0 0
282 0 0 0 0 0
283 -537000.208337773 520321.117312861 149891.126650346 -4137.60171267086 -1190.4523704942
283 520321.117312861 -517728.01536589 -185761.988092281 -3005.44051981433 766.61847014492
283 149891.126650346 -185761.988092281 -322845.473383779 157604.481262368 157657.818634938
283 -4137.60171267086 -3005.44051981433 157604.481262368 -144703.150546746 -134902.833296508
283 -1190.4523704942 766.61847014492 157657.818634938 -134902.833296508 -134902.833296692
785 -1532088.66034473 1369574.7192387 1186512.03030811 19934.441328914 17892.7637241486
785 1369574.7192387 -1403909.96606385 -1374933.13186587 996.189484880006 285.84496206463
785 1186512.03030811 -1374933.13186587 -1550228.03357809 1389084.81193468 1391609.91460385
785 19934.441328914 996.189484880006 1389084.81193468 -11279.7208101938 -3761.147600855
785 17892.7637241486 285.84496206463 1391609.91460385 -3761.147600855 -3761.14760121027
532 0 0 0 0 0
532 0 0 0 0 0
532 0 0 0 0 0
532 0 0 0 0 0
532 0 0 0 0 0
33 0 0 0 0 0
33 0 0 0 0 0
33 0 0 0 0 0
33 0 0 0 0 0
33 0 0 0 0 0
284 0 0 0 0 0
284 0 0 0 0 0
284 0 0 0 0 0
284 0 0 0 0 0
284 0 0 0 0 0
533 0 0 0 0 0
533 0 0 0 0 0
533 0 0 0 0 0
533 0 0 0 0 0
533 0 0 0 0 0
34 -3028549.88838109 2674695.81607725 91927.5057122206 -2759897.29269584 -2810613.4846777
34 2674695.81607725 -3088322.30420018 98776.4177631618 -60497.3351102842 -59616.5228719627
34 91927.5057122206 98776.4177631618 -2936531.97431587 -36120.8487064033 -522.361806133631
34 -2759897.29269584 -60497.3351102842 -36120.8487064033 -298270.632054368 -44591.6674788265
34 -2810613.4846777 -59616.5228719627 -522.361806133631 -44591.6674788265 -44591.6674788691
786 -1713009.14624939 174156.21091115 -1321271.84205555 -1438886.82074133 -1437122.80991757
786 174156.21091115 -278715.052314624 8567.88244658446 97508.1253110801 97538.183653171
786 -1321271.84205555 8567.88244658446 -1721390.47977424 -1247936.5333114 -1250253.58234018
786 -1438886.82074133 97508.1253110801 -1247936.5333114 -308242.405765156 -309150.157765842
786 -1437122.80991757 97538.183653171 -1250253.58234018 -309150.157765842 -309150.157765828
285 0 0 0 0 0
285 0 0 0 0 0
285 0 0 0 0 0
285 0 0 0 0 0
285 0 0 0 0 0
534 -1580970.00813893 7768.35962940936 1216877.03227724 -6458.56544431922 -19887.6923704461
534 7768.35962940936 -7751.1146497784 -371.587918351679 4452.39580375301 19453.1088404517
534 1216877.03227724 -371.587918351679 -1562222.12690574 -35262.2997396708 244.157448491933
534 -6458.56544431922 4452.39580375301 -35262.2997396708 -1483990.84312658 -25080.9749567509
534 -19887.6923704461 19453.1088404517 244.157448491933 -25080.9749567509 -25080.9749567509
787 0 0 0 0 0
787 0 0 0 0 0
787 0 0 0 0 0
787 0 0 0 0 0
787 0 0 0 0 0
35 0 0 0 0 0
35 0 0 0 0 0
35 0 0 0 0 0
35 0 0 0 0 0
35 0 0 0 0 0
535 -1517480.23877964 -1487344.20808856 -14671.5167803961 27014.167406648 -7291.95186021053
535 -1487344.20808856 -1498917.71585321 -4532.6025500429 16917.6866112579 2259.86908814946
535 -14671.5167803961 -4532.6025500429 -25825.8190609126 -11729.2311099888 -4719.13778193311
535 27014.167406648 16917.6866112579 -11729.2311099888 -22512.8892580386 -10430.5555608022
535 -7291.95186021053 2259.86908814946 -4719.13778193311 -10430.5555608022 -10430.5555609585
286 0 0 0 0 0
286 0 0 0 0 0
286 0 0 0 0 0
286 0 0 0 0 0
286 0 0 0 0 0
788 -1364119.39685513 -1200472.12779485 1007247.65172497 -1198241.63601641 -7938.94488508329
788 -1200472.12779485 -17435.3638606988 1183982.68604992 -2388.3223822736 -2416.43360021726
788 1007247.65172497 1183982.68604992 -1370943.30162191 1188901.56406466 -4223.55108905492
788 -1198241.63601641 -2388.3223822736 1188901.56406466 -185906.745004331 -186118.813608502
788 -7938.94488508329 -2416.43360021726 -4223.55108905492 -186118.813608502 -186118.813608516
36 -1386494.0029504 1373144.23690361 -16664.842592121 20150.4852194603 14405.7525544952
36 1373144.23690361 -1401888.56639554 15589.5980916227 -34684.8406486089 -15129.1361906374
36 -16664.842592121 15589.5980916227 -1118.65269889222 -1372.10253855358 4183.1391087328
36 20150.4852194603 -34684.8406486089 -1372.10253855358 -12856.6995634856 -3461.24030939166
36 14405.7525544952 -15129.1361906374 4183.1391087328 -3461.24030939166 -3461.24030954797
536 0 0 0 0 0
536 0 0 0 0 0
536 0 0 0 0 0
536 0 0 0 0 0
536 0 0 0 0 0
287 -1569768.04003716 1468527.65266877 -187824.984658931 -158815.796660406 -156236.282710623
287 1468527.65266877 -1406293.83806964 143911.490848865 -23564.7538251129 -21278.9497764732
287 -187824.984658931 143911.490848865 -260921.00573257 30323.1316833177 30023.2672439904
287 -158815.796660406 -23564.7538251129 30323.1316833177 -1415848.58566762 -1423249.62206843
287 -156236.282710623 -21278.9497764732 30023.2672439904 -1423249.62206843 -1423249.62206851
537 0 0 0 0 0
537 0 0 0 0 0
537 0 0 0 0 0
537 0 0 0 0 0
537 0 0 0 0 0
37 -2778293.87161262 -1499011.36411651 2799038.64254254 -1417948.94464334 18518.691656638
37 -1499011.36411651 -1339379.47497893 1450730.84382577 -1434869.74550258 5747.73050071542
37 2799038.64254254 1450730.84382577 -1432663.56361158 -13902.9242305497 -14105.480344071
37 -1417948.94464334 -1434869.74550258 -13902.9242305497 -158162.894298243 -158067.139286189
37 18518.691656638 5747.73050071542 -14105.480344071 -158067.139286189 -158067.139286118
789 -1636113.31089383 -1219702.73416458 1351077.32083401 -1445163.36592514 -508.68306416163
789 -1219702.73416458 -315582.278108195 1538954.45753103 -32416.5570415929 434.362369475139
789 1351077.32083401 1538954.45753103 -1764867.96224536 1248202.01277986 -173530.203160112
789 -1445163.36592514 -32416.5570415929 1248202.01277986 -153745.814848335 -72053.7651009536
789 -508.68306416163 434.362369475139 -173530.203160112 -72053.7651009536 -72053.7651012449
538 -1486629.88882546 27822.4011489385 -1477938.28510544 33209.7955436836 11530.7352181873
538 27822.4011489385 -1487713.0779324 -1433402.15255034 -1461564.25721796 -3377.49073615612
538 -1477938.28510544 -1433402.15255034 -1511836.99650792 48318.7307906263 44213.6339929817
538 33209.7955436836 -1461564.25721796 48318.7307906263 -99231.7765974633 -83185.7982140321
538 11530.7352181873 -3377.49073615612 44213.6339929817 -83185.7982140321 -83185.7982139752
288 -1564069.65730109 -1545721.90849477 -1382247.74960922 -1665099.58411098 3614.64730626437
288 -1545721.90849477 -1715377.9568529 -1457581.10170067 -97136.2568458929 2362.22900043259
288 -1382247.74960922 -1457581.10170067 -307049.53520781 3681.26460737273 2437.11293676085
288 -1665099.58411098 -97136.2568458929 3681.26460737273 -166821.633046638 5621.32362431811
288 3614.64730626437 2362.22900043259 2437.11293676085 5621.32362431811 5621.3236244389
539 -1399601.53104795 -1405063.06836708 -53235.2226011028 18084.3240603394 -13.3463371483344
539 -1405063.06836708 -1412965.60397107 -53288.3889289764 18109.2706421495 8.99021993200222
539 -53235.2226011028 -53288.3889289764 -1451925.93278574 -18162.7656252203 -2.99631150824098
539 18084.3240603394 18109.2706421495 -18162.7656252203 -1486343.69681643 -1.85912438865898
539 -13.3463371483344 8.99021993200222 -2.99631150824098 -1.85912438865898 -1.8591243673427
