501 -10554.9685833495 203.709053437251 -48.911715893496 -1219.4675998316 -619.077438010152
501 203.709053437251 -5305.69953052407 -11.8545408724913 12.8446972809115 385.389775487965
501 -48.911715893496 -11.8545408724913 -5249.24366605717 1.93011595683856 -104.591053748493
501 -1219.4675998316 12.8446972809115 1.93011595683856 -143.999782594051 -71.9999478135946
501 -619.077438010152 385.389775487965 -104.591053748493 -71.9999478135946 -71.9999478349109
251 -12549.2281603101 -559.752161990446 126.4086152446 -1329.2527513471 -632.873854442551
251 -559.752161990446 -5986.00894399226 -201.707911315907 -24.2643871644077 384.027528710362
251 126.4086152446 -201.707911315907 -6563.17789564298 17.3186839589334 -79.8246717437223
251 -1329.2527513471 -24.2643871644077 17.3186839589334 -143.999170020948 -71.9998539437938
251 -632.873854442551 384.027528710362 -79.8246717437223 -71.9998539437938 -71.9998539437938
751 -10190.5991078155 342.399345058197 -80.8961764136029 -1197.09058213857 -618.097934648176
751 342.399345058197 -4900.49233371792 -212.267022604351 18.8251844406295 368.676397073386
751 -80.8961764136029 -212.267022604351 -5290.08218913418 -12.7653253798599 -94.5130345400003
751 -1197.09058213857 18.8251844406295 -12.7653253798599 -144.00058213937 -72.0005183580952
751 -618.097934648176 368.676397073386 -94.5130345400003 -72.0005183580952 -72.0005183580952
752 -7669.55949929127 659.283621857298 -179.79218517894 -1031.751597111 -555.076199162841
752 659.283621857298 -3833.09471861537 187.685272152294 43.2451038960835 345.177115626427
752 -179.79218517894 187.685272152294 -3836.45280987821 -6.15608259124656 -104.943995161477
752 -1031.751597111 43.2451038960835 -6.15608259124656 -144.000147628276 -72.0003140628478
752 -555.076199162841 345.177115626427 -104.943995161477 -72.0003140628478 -72.0003140770586
753 -9798.5419879052 343.520095199779 -106.98549348831 -1172.53769276715 -607.085504881866
753 343.520095199779 -4472.79767432462 192.401793682961 14.4199829037461 348.931187893697
753 -106.98549348831 192.401793682961 -5325.72120368968 -2.81178930805481 -130.563893144142
753 -1172.53769276715 14.4199829037461 -2.81178930805481 -143.988054318811 -71.9927281380706
753 -607.085504881866 348.931187893697 -130.563893144142 -71.9927281380706 -71.9927281238597
1 -9738.83869492909 516.590418413898 -184.219527326945 -1167.49102676295 -615.24623060194
1 516.590418413898 -4586.07147487555 201.779763230547 23.1202728713242 351.457857576065
1 -184.219527326945 201.779763230547 -5152.74553573875 -9.22780725431949 -157.849759602868
1 -1167.49102676295 23.1202728713242 -9.22780725431949 -143.999941656148 -71.9999569724905
1 -615.24623060194 351.457857576065 -157.849759602868 -71.9999569724905 -71.9999569724905
754 -12115.7058948285 -287.274068398347 52.1405422944099 -1307.94540974932 -643.988459501088
754 -287.274068398347 -6189.28089180315 -171.930759123029 -21.4732705856591 409.360660313496
754 52.1405422944099 -171.930759123029 -5926.38869166251 -3.54824916115604 -73.3396556995558
754 -1307.94540974932 -21.4732705856591 -3.54824916115604 -143.968421838281 -71.9825450232747
754 -643.988459501088 409.360660313496 -73.3396556995558 -71.9825450232747 -71.9825450232747
502 -10464.3483466589 119.717486825266 -54.7693532695348 -1213.57338723271 -614.401935081332
502 119.717486825266 -5600.22129847937 303.958983835173 9.36955245833815 410.465600864995
502 -54.7693532695348 303.958983835173 -4864.10030588047 2.79143350212507 -109.560240986184
502 -1213.57338723271 9.36955245833815 2.79143350212507 -143.994652745505 -72.0005817527181
502 -614.401935081332 410.465600864995 -109.560240986184 -72.0005817527181 -72.0005817242964
755 -7735.47605574976 439.460088045962 -72.8210671070428 -1037.61857803164 -546.494631198158
755 439.460088045962 -3952.35918762182 -98.3878617404343 28.4991572385707 344.736523722133
755 -72.8210671070428 -98.3878617404343 -3783.10545470129 0.575383367618088 -69.0488373038534
755 -1037.61857803164 28.4991572385707 0.575383367618088 -144.000504356256 -72.000083108037
755 -546.494631198158 344.736523722133 -69.0488373038534 -72.000083108037 -72.0000831151424
503 -8712.5897818936 687.677421936428 -178.681628540289 -1103.10373122502 -582.715525325739
503 687.677421936428 -4624.96474516172 213.10141818276 47.9856585258176 386.319338794294
503 -178.681628540289 213.10141818276 -4087.60917342477 -7.22628023197558 -113.052217784571
503 -1103.10373122502 47.9856585258176 -7.22628023197558 -144.000022928026 -72.0000636533769
503 -582.715525325739 386.319338794294 -113.052217784571 -72.0000636533769 -72.0000636533769
2 -7243.66743752114 112.840833352834 -32.4179307256145 -1004.52028807752 -503.844219586824
2 112.840833352834 -3695.24631550178 -110.533599212204 12.8397579004513 327.274643538544
2 -32.4179307256145 -110.533599212204 -3548.41141582085 -10.9680654958311 -59.8284804027571
2 -1004.52028807752 12.8397579004513 -10.9680654958311 -144.000307159331 -72.0005205323559
2 -503.844219586824 327.274643538544 -59.8284804027571 -72.0005205323559 -72.0005205323559
504 -10941.5419886005 400.461979808142 -73.674950058944 -1241.29287224406 -635.485158596794
504 400.461979808142 -5498.86100417041 152.93622628576 30.8180493107102 403.398763111795
504 -73.674950058944 152.93622628576 -5442.65232186092 -0.732106698819734 -119.422699121685
504 -1241.29287224406 30.8180493107102 -0.732106698819734 -143.999985510845 -72.0000390685982
504 -635.485158596794 403.398763111795 -119.422699121685 -72.0000390685982 -72.0000390685982
252 -7177.71053170679 311.92204173891 -82.8220979514072 -999.149573949865 -516.731423331862
252 311.92204173891 -3396.38409263898 64.5457740802158 22.0721021477743 306.161743594657
252 -82.8220979514072 64.5457740802158 -3781.31654755265 -10.9094440361446 -99.4123073070341
252 -999.149573949865 22.0721021477743 -10.9094440361446 -143.983108181089 -71.9953802885698
252 -516.731423331862 306.161743594657 -99.4123073070341 -71.9953802885698 -71.9953802885698
3 -9930.73084846685 710.519974205681 -174.442324762936 -1179.68255321443 -623.410965928883
3 710.519974205681 -4897.45706084932 123.230019383413 45.5390787266197 383.951496303325
3 -174.442324762936 123.230019383413 -5033.25043789005 -14.3733617932185 -124.043646486882
3 -1179.68255321443 45.5390787266197 -14.3733617932185 -144.000027717084 -72.0000762726158
3 -623.410965928883 383.951496303325 -124.043646486882 -72.0000762726158 -72.0000762868267
505 -8445.69475425771 467.180113261634 -133.892600430841 -1084.58365572517 -567.013541797223
505 467.180113261634 -4259.85320610778 19.9769510516035 27.8552242889418 347.259613995732
505 -133.892600430841 19.9769510516035 -4185.82671824197 -11.3538116579548 -124.099868642702
505 -1084.58365572517 27.8552242889418 -11.3538116579548 -144.000626448815 -72.0002331320302
505 -567.013541797223 347.259613995732 -124.099868642702 -72.0002331320302 -72.0002331604519
506 -9434.6067764377 -177.44172485834 43.7912118371742 -1151.37707577162 -568.508272422719
506 -177.44172485834 -4827.86300669602 90.7417381057485 -10.7026579101444 360.141552548043
506 43.7912118371742 90.7417381057485 -4606.72456611633 2.00721534326931 -105.713419728204
506 -1151.37707577162 -10.7026579101444 2.00721534326931 -143.999892770807 -72.0004605483382
506 -568.508272422719 360.141552548043 -105.713419728204 -72.0004605483382 -72.0004605341273
507 -9716.09336397705 558.954182764637 -177.342725066865 -1168.25717613978 -609.303822507457
507 558.954182764637 -4861.58861471608 128.454909201992 45.9832752497391 380.021541758424
507 -177.342725066865 128.454909201992 -4854.48421049739 -5.11505781730648 -133.803875726812
507 -1168.25717613978 45.9832752497391 -5.11505781730648 -144.000189308713 -72.0003327785435
507 -609.303822507457 380.021541758424 -133.803875726812 -72.0003327785435 -72.0003327785435
253 -9735.32107077801 285.867223709602 -41.5531823421134 -1169.24596645163 -599.768244839538
253 285.867223709602 -4771.73797780495 -388.926782562748 17.1483039821396 370.61457344123
253 -41.5531823421134 -388.926782562748 -4963.56063514725 -1.75808928304377 -45.1002165888781
253 -1169.24596645163 17.1483039821396 -1.75808928304377 -144.000006670808 -72.0000193723536
253 -599.768244839538 370.61457344123 -45.1002165888781 -72.0000193723536 -72.0000193723536
254 -9254.81681456119 154.473147702561 5.56293036879651 -1140.60320060361 -579.537083901016
254 154.473147702561 -4744.00054301327 -150.782493207657 10.4383981209821 368.491980204055
254 5.56293036879651 -150.782493207657 -4510.79754328987 4.86842159830303 -74.7754754399921
254 -1140.60320060361 10.4383981209821 4.86842159830303 -143.999910505954 -71.9999550113926
254 -579.537083901016 368.491980204055 -74.7754754399921 -71.9999550113926 -71.9999550256034
756 -10077.8570381266 -167.088020859296 34.0376611376314 -1190.25703084219 -588.650747992858
756 -167.088020859296 -5163.34446275835 216.665322056997 -10.4701251260053 377.987057561313
756 34.0376611376314 216.665322056997 -4914.48866503674 6.98324681280837 -106.611729961514
756 -1190.25703084219 -10.4701251260053 6.98324681280837 -144.00057433761 -72.0003426408766
756 -588.650747992858 377.987057561313 -106.611729961514 -72.0003426408766 -72.0003426124549
508 -8455.73630189733 110.408805142015 -22.3877293024088 -1088.03580253891 -545.957197495284
508 110.408805142015 -4290.44946032775 -224.046403502598 15.0486884251677 357.303400932096
508 -22.3877293024088 -224.046403502598 -4165.27186297344 -7.57333918244285 -38.317864763826
508 -1088.03580253891 15.0486884251677 -7.57333918244285 -143.999979641762 -72.0000964946621
508 -545.957197495284 357.303400932096 -38.317864763826 -72.0000964946621 -72.000096508873
4 -9063.69296946252 -202.126046133344 70.0291712263379 -1127.50757381264 -555.036333807379
4 -202.126046133344 -4459.79170511634 -58.6622143430304 -17.3454377687676 333.352032512835
4 70.0291712263379 -58.6622143430304 -4603.88347885043 3.61381384550441 -94.6437945259504
4 -1127.50757381264 -17.3454377687676 3.61381384550441 -143.999878659429 -72.0000981004887
4 -555.036333807379 333.352032512835 -94.6437945259504 -72.0000981004887 -72.0000981004887
509 -12617.6805541434 637.069703103066 -216.346069251472 -1334.70610893482 -695.375247765639
509 637.069703103066 -5631.57867647135 88.7317905693408 41.0689731324965 394.905157435232
509 -216.346069251472 88.7317905693408 -6986.05988355894 -12.2883649709138 -145.226798792919
509 -1334.70610893482 41.0689731324965 -12.2883649709138 -144.000024050683 -72.0000118903386
509 -695.375247765639 394.905157435232 -145.226798792919 -72.0000118903386 -72.000011897444
5 -12032.0519745007 438.274867832433 -147.56259197668 -1303.04876128662 -673.664055938161
5 438.274867832433 -5902.37222988321 266.711018298338 24.5932447668906 404.274780478886
5 -147.56259197668 266.711018298338 -6129.64488404089 -6.53733293631831 -168.627931302012
5 -1303.04876128662 24.5932447668906 -6.53733293631831 -144.001408230565 -72.0008678456452
5 -673.664055938161 404.274780478886 -168.627931302012 -72.0008678456452 -72.0008678314343
255 -11796.2608940445 101.97623768704 -36.3427227512148 -1290.34895164182 -648.505637848018
255 101.97623768704 -5842.03523098381 -69.1473215823635 9.68468329176631 396.827954567414
255 -36.3427227512148 -69.1473215823635 -5954.19196920943 -3.90144370499002 -129.65052141567
255 -1290.34895164182 9.68468329176631 -3.90144370499002 -143.986768435411 -71.9998245486408
255 -648.505637848018 396.827954567414 -129.65052141567 -71.9998245486408 -71.9998245415354
6 -11532.7367378342 320.198909847136 -79.0085792914397 -1274.79443524692 -653.208551355533
6 320.198909847136 -5702.85538557869 -164.839036230546 19.3642913188796 402.760912258771
6 -79.0085792914397 -164.839036230546 -5829.84812126597 3.69077300632625 -88.621311846282
6 -1274.79443524692 19.3642913188796 3.69077300632625 -143.999284972551 -71.9996112223953
6 -653.208551355533 402.760912258771 -88.621311846282 -71.9996112223953 -71.9996112223953
256 -9013.51446492527 399.252701029695 -136.603047266703 -1123.66001015118 -582.326762845753
256 399.252701029695 -4511.33893160716 -233.098475604265 21.6633547722722 362.191453731953
256 -136.603047266703 -233.098475604265 -4502.15799283171 -19.6806676768801 -73.2442882735995
256 -1123.66001015118 21.6633547722722 -19.6806676768801 -144.00007204074 -72.0001602019238
256 -582.326762845753 362.191453731953 -73.2442882735995 -72.0001602019238 -72.0001602019238
510 -9166.85657193739 164.655884901777 -72.8461423733506 -1133.9355650577 -578.73078352344
510 164.655884901777 -4835.68603397089 137.474020476702 3.42318597290614 372.160561340706
510 -72.8461423733506 137.474020476702 -4331.15231479064 -0.460132483226516 -106.653206749741
510 -1133.9355650577 3.42318597290614 -0.460132483226516 -144.000956197488 -72.0005042609273
510 -578.73078352344 372.160561340706 -106.653206749741 -72.0005042609273 -72.0005042609273
7 -9464.54212849801 -246.260455156744 32.4613383924088 -1152.53541559923 -564.629666030214
7 -246.260455156744 -5152.64399008686 270.989430305235 -15.0887542815781 383.767481324071
7 32.4613383924088 270.989430305235 -4311.87843027203 -3.87586936767548 -104.299164192412
7 -1152.53541559923 -15.0887542815781 -3.87586936767548 -144.000897932983 -72.0004645273775
7 -564.629666030214 383.767481324071 -104.299164192412 -72.0004645273775 -72.0004645273775
257 -8652.63065452382 135.450886503463 -32.718083986083 -1101.67647059711 -561.229858817569
257 135.450886503463 -4640.04838411824 -137.777760301105 2.6561194772512 374.961148878583
257 -32.718083986083 -137.777760301105 -4012.56603491618 -0.277507240298291 -29.3865556528772
257 -1101.67647059711 2.6561194772512 -0.277507240298291 -144.000127590971 -72.0000757468142
257 -561.229858817569 374.961148878583 -29.3865556528772 -72.0000757468142 -72.0000757326034
8 -11843.9415499836 185.935660809378 -44.5825408661449 -1292.93697062138 -655.361038084834
8 185.935660809378 -5901.38927790917 156.999097328026 8.32660575156297 405.93103592812
8 -44.5825408661449 156.999097328026 -5942.51693462411 -1.64780942668585 -130.867422939218
8 -1292.93697062138 8.32660575156297 -1.64780942668585 -143.999887299628 -71.9999631684232
8 -655.361038084834 405.93103592812 -130.867422939218 -71.9999631684232 -71.9999631684232
757 -6329.88117512667 178.481679817821 -42.0388469208888 -936.407636906722 -481.749565182099
757 178.481679817821 -3299.8043630954 -6.64481588330545 11.1001044196257 313.59299944711
757 -42.0388469208888 -6.64481588330545 -3030.07003864764 -7.04860627820381 -72.0760625512185
757 -936.407636906722 11.1001044196257 -7.04860627820381 -143.999901446534 -71.9999259430892
757 -481.749565182099 313.59299944711 -72.0760625512185 -71.9999259430892 -71.9999259573001
258 -8671.77553060117 533.847706947199 -121.70361878816 -1100.54925936254 -575.816218542968
258 533.847706947199 -4171.61372622843 -149.941234369066 38.2831352823132 350.029889034431
258 -121.70361878816 -149.941234369066 -4500.14563199375 -2.91996047963039 -69.5465746645141
258 -1100.54925936254 38.2831352823132 -2.91996047963039 -144.000018934776 -72.0000528957598
258 -575.816218542968 350.029889034431 -69.5465746645141 -72.0000528957598 -72.0000529099707
511 -8181.15274719844 633.927384910749 -87.3902976366026 -1067.11670943582 -574.266050747951
511 633.927384910749 -4124.2137148032 -263.341929922944 32.1626681270004 355.262570977288
511 -87.3902976366026 -263.341929922944 -4056.92494551602 4.20124979427783 -36.8226748790335
511 -1067.11670943582 32.1626681270004 4.20124979427783 -144.0000145152 -72.0000333984672
511 -574.266050747951 355.262570977288 -36.8226748790335 -72.0000333984672 -72.0000333984672
259 -9654.45724061453 425.031911319707 -125.37969035975 -1163.71760648804 -602.084998682528
259 425.031911319707 -5006.16448029234 311.773674368965 23.9124934608981 389.101731002484
259 -125.37969035975 311.773674368965 -4648.27134017298 -9.51767572132667 -121.19302530067
259 -1163.71760648804 23.9124934608981 -9.51767572132667 -144.0004240294 -72.0003885135156
259 -602.084998682528 389.101731002484 -121.19302530067 -72.0003885135156 -72.0003885135156
260 -10361.5491896107 469.386007566186 -102.859218571894 -1207.18704506118 -620.699793358881
260 469.386007566186 -4979.14540032696 25.3437437152115 35.030191554597 376.642002819949
260 -102.859218571894 25.3437437152115 -5382.37925803742 -0.468522827645756 -108.651995041953
260 -1207.18704506118 35.030191554597 -0.468522827645756 -144.000127647814 -72.0001557255046
260 -620.699793358881 376.642002819949 -108.651995041953 -72.0001557255046 -72.0001557112937
9 -9817.17342963861 325.193357539888 -109.947113713815 -1173.60391617183 -603.524830893321
9 325.193357539888 -4722.43543181605 -85.960702691068 18.106711792143 355.989770113752
9 -109.947113713815 -85.960702691068 -5094.71668368633 -6.89208948756459 -134.273631857695
9 -1173.60391617183 18.106711792143 -6.89208948756459 -144.000454483262 -72.0004283607523
9 -603.524830893321 355.989770113752 -134.273631857695 -72.0004283607523 -72.0004283749631
261 -13331.0576928807 459.959956671696 -202.11180687113 -1370.99493916537 -713.380712490164
261 459.959956671696 -5965.32000861316 -119.44997309854 20.3748374616453 382.724398626522
261 -202.11180687113 -119.44997309854 -7365.69090472017 -3.39081252320739 -158.694502289336
261 -1370.99493916537 20.3748374616453 -3.39081252320739 -143.926805549199 -72.0178824664686
261 -713.380712490164 382.724398626522 -158.694502289336 -72.0178824664686 -72.0178824593631
10 -9904.22189947537 511.107132098232 -114.505890422834 -1178.8691947956 -613.050717682029
10 511.107132098232 -5249.61683902347 -179.050077548482 26.3859278248901 396.040648610096
10 -114.505890422834 -179.050077548482 -4654.58304051936 -15.5516760287355 -85.0825944098688
10 -1178.8691947956 26.3859278248901 -15.5516760287355 -143.999841000664 -72.0001498422107
10 -613.050717682029 396.040648610096 -85.0825944098688 -72.0001498422107 -72.000149813789
11 -10307.9358866864 523.307065847689 -70.3345482122586 -1203.49081291948 -623.866559152475
11 523.307065847689 -5325.03522839534 -341.94717645164 33.5879489057334 404.489985740497
11 -70.3345482122586 -341.94717645164 -4982.87549370957 -10.3017733863453 -46.664192808521
11 -1203.49081291948 33.5879489057334 -10.3017733863453 -143.999880052093 -71.9999208129707
11 -623.866559152475 404.489985740497 -46.664192808521 -71.9999208129707 -71.9999208058653
758 -6831.43601231961 132.506736598259 -9.76816407671777 -974.393984151334 -491.986415013912
758 132.506736598259 -3521.11776959418 -62.7436469002873 15.8272517865043 326.754076457547
758 -9.76816407671777 -62.7436469002873 -3310.30987244674 3.60782437525131 -50.8165237071978
758 -974.393984151334 15.8272517865043 3.60782437525131 -143.990658344251 -71.995358112531
758 -491.986415013912 326.754076457547 -50.8165237071978 -71.995358112531 -71.995358112531
512 -8745.26277301868 -24.4898101016133 7.13466904755933 -1107.55243990468 -551.748921509443
512 -24.4898101016133 -4683.74311985542 21.5623046813107 4.10671137274221 372.354440450806
512 7.13466904755933 21.5623046813107 -4061.50321146015 3.99874970469227 -71.6351453320385
512 -1107.55243990468 4.10671137274221 3.99874970469227 -143.999771211156 -71.9998666198762
512 -551.748921509443 372.354440450806 -71.6351453320385 -71.9998666198762 -71.9998666482979
513 -9818.93609231577 254.336317979664 -72.4940381644501 -1173.94742758847 -602.122310013442
513 254.336317979664 -5128.23542281637 198.414069387809 9.54701818045578 387.708828910149
513 -72.4940381644501 198.414069387809 -4690.67774400855 -5.93085435696139 -119.059818985079
513 -1173.94742758847 9.54701818045578 -5.93085435696139 -144.000436947067 -72.0001353045063
513 -602.122310013442 387.708828910149 -119.059818985079 -72.0001353045063 -72.0001353045063
514 -10950.2153483874 89.9316629556779 -40.4383443139977 -1242.34127764566 -621.289509759038
514 89.9316629556779 -5639.47952043975 284.679939468901 11.4228192984456 395.335108564154
514 -40.4383443139977 284.679939468901 -5310.70827432245 -7.30209569610452 -146.473380766565
514 -1242.34127764566 11.4228192984456 -7.30209569610452 -143.998445665261 -71.9978628609397
514 -621.289509759038 395.335108564154 -146.473380766565 -71.9978628609397 -71.9978628609397
262 -11804.737488248 460.668768894834 -149.097548344912 -1289.84372071272 -663.998581032388
262 460.668768894834 -5843.46274062852 -87.1426578186174 28.6044607946678 410.181099780971
262 -149.097548344912 -87.1426578186174 -5961.23930176873 -8.42789202692984 -119.427553514129
262 -1289.84372071272 28.6044607946678 -8.42789202692984 -143.984444619605 -71.9927317192059
262 -663.998581032388 410.181099780971 -119.427553514129 -71.9927317192059 -71.9927317334168
263 -11792.7716334947 35.137350849368 -44.5200612375629 -1290.37182706782 -646.75026798966
263 35.137350849368 -5983.58228482709 363.475821387738 1.04413688006844 410.866398496523
263 -44.5200612375629 363.475821387738 -5809.15373056712 -8.57832830547522 -133.232475079126
263 -1290.37182706782 1.04413688006844 -8.57832830547522 -143.999940306117 -71.9999396636695
263 -646.75026798966 410.866398496523 -133.232475079126 -71.9999396636695 -71.9999396494586
12 -8760.79290749487 696.107893176645 -191.242063607433 -1104.83657417149 -587.996586013162
12 696.107893176645 -4384.18756608883 -31.7565849456969 45.4530350140203 370.285058806985
12 -191.242063607433 -31.7565849456969 -4376.58782243489 -17.0134377128761 -81.9048775184683
12 -1104.83657417149 45.4530350140203 -17.0134377128761 -144.000149589374 -72.0002404648312
12 -587.996586013162 370.285058806985 -81.9048775184683 -72.0002404648312 -72.0002404648312
759 -10367.785138186 -48.3337281735885 20.846449743317 -1207.38717424729 -595.756881423881
759 -48.3337281735885 -4948.37912548007 24.5845497346409 2.45693009048864 364.051260305587
759 20.846449743317 24.5845497346409 -5419.3803365763 -9.84121610514421 -108.631454814656
759 -1207.38717424729 2.45693009048864 -9.84121610514421 -143.949300536406 -71.994989504276
759 -595.756881423881 364.051260305587 -108.631454814656 -71.994989504276 -71.9949895113814
13 -8599.36812589979 210.449836330895 -40.4725121683214 -1097.54565560394 -558.366734708216
13 210.449836330895 -4138.67759024811 -83.9522447222407 21.5445705151751 338.30299236115
13 -40.4725121683214 -83.9522447222407 -4460.67508636361 3.44045803046811 -86.7825191619431
13 -1097.54565560394 21.5445705151751 3.44045803046811 -144.000230918095 -72.0003925778201
13 -558.366734708216 338.30299236115 -86.7825191619431 -72.0003925778201 -72.0003925778201
760 -8103.69755963336 1094.13896329613 -271.309587901669 -1059.73677850102 -583.666204903466
760 1094.13896329613 -4558.4596297914 169.99046363253 73.0917452642643 406.249260990421
760 -271.309587901669 169.99046363253 -3545.22372484212 -15.2140765976583 -89.0116957634746
760 -1059.73677850102 73.0917452642643 -15.2140765976583 -143.999526841299 -71.9995865949841
760 -583.666204903466 406.249260990421 -89.0116957634746 -71.9995865949841 -71.9995866091949
761 -9869.04558737933 324.962673090567 -100.125522308758 -1177.64515996299 -602.616169118164
761 324.962673090567 -4858.94032618717 -75.5991906657982 22.5396154149848 368.738728184326
761 -100.125522308758 -75.5991906657982 -5010.08386110868 -10.4868569081873 -104.589070801353
761 -1177.64515996299 22.5396154149848 -10.4868569081873 -144.000394556087 -72.0001753222732
761 -602.616169118164 368.738728184326 -104.589070801353 -72.0001753222732 -72.0001753080624
14 -8200.20969051427 406.94614875747 -117.951536807936 -1070.15930177567 -560.993464901571
14 406.94614875747 -3714.16796916435 -238.899441612261 23.7334065076311 311.652742865931
14 -117.951536807936 -238.899441612261 -4486.02772158324 -11.7544824433935 -89.7000633699463
14 -1070.15930177567 23.7334065076311 -11.7544824433935 -144.000016490509 -72.0000092826467
14 -560.993464901571 311.652742865931 -89.7000633699463 -72.0000092826467 -72.0000092684359
515 -9109.97064731589 326.421350223427 -117.95304753548 -1130.37266588378 -584.51203582166
515 326.421350223427 -4633.55949602828 17.2358156191876 14.6370395270878 363.875921649992
515 -117.95304753548 17.2358156191876 -4476.393043646 -13.9787529320756 -112.465865981903
515 -1130.37266588378 14.6370395270878 -13.9787529320756 -144.000317547466 -72.0000350611372
515 -584.51203582166 363.875921649992 -112.465865981903 -72.0000350611372 -72.0000350469263
516 -10570.961525687 766.579762711217 -227.252365561981 -1218.24068398269 -648.178649555575
516 766.579762711217 -5252.71719669718 -74.9438472382735 42.6580861727643 387.071326315436
516 -227.252365561981 -74.9438472382735 -5318.21854519876 -8.71240583677491 -130.923589566123
516 -1218.24068398269 42.6580861727643 -8.71240583677491 -144.002327303383 -72.0018349085194
516 -648.178649555575 387.071326315436 -130.923589566123 -72.0018349085194 -72.0018349085194
762 -7533.40611007047 -3.37478304857086 -4.07440475669318 -1025.10153338642 -511.33189516861
762 -3.37478304857086 -3715.80807353666 53.2868060929559 -0.151302643303097 314.042020782779
762 -4.07440475669318 53.2868060929559 -3817.58705013624 -5.45203964463781 -103.696214182492
762 -1025.10153338642 -0.151302643303097 -5.45203964463781 -143.999957444407 -71.9999725902198
762 -511.33189516861 314.042020782779 -103.696214182492 -71.9999725902198 -71.9999725902198
264 -9745.57876888582 291.501642450953 -97.7372250474673 -1169.63327045028 -595.399597003166
264 291.501642450953 -4708.74898186935 109.480510047888 24.257622428081 356.250161743787
264 -97.7372250474673 109.480510047888 -5036.80856353128 -10.8548935600083 -147.503086466827
264 -1169.63327045028 24.257622428081 -10.8548935600083 -143.999949273166 -72.0000245735264
264 -595.399597003166 356.250161743787 -147.503086466827 -72.0000245735264 -72.0000245877372
15 -9928.94324900817 633.39683136121 -170.070969161884 -1179.81289554336 -619.621840897366
15 633.39683136121 -5044.01777094188 -232.957235994036 40.3676654912033 393.5234314838
15 -170.070969161884 -232.957235994036 -4884.90289500021 -15.1319768519897 -70.3059730966515
15 -1179.81289554336 40.3676654912033 -15.1319768519897 -144.000543883749 -72.0006551802044
15 -619.621840897366 393.5234314838 -70.3059730966515 -72.0006551802044 -72.0006551802044
16 -10236.6406126464 72.9645617951746 -15.0357108879007 -1200.97041418887 -605.46485729418
16 72.9645617951746 -5287.08363437147 -1.00467981667407 1.85747933301172 380.628976699882
16 -15.0357108879007 -1.00467981667407 -4949.53422152378 1.92583662794732 -113.790540638092
16 -1200.97041418887 1.85747933301172 1.92583662794732 -143.998662238687 -71.9994434348337
16 -605.46485729418 380.628976699882 -113.790540638092 -71.9994434348337 -71.9994434348337
17 -9698.14133512159 -1.43005657093909 -39.5366450902657 -1166.46182290481 -585.959105180223
17 -1.43005657093909 -4877.26844833958 -56.2288680328038 -1.19036057810717 359.445084882282
17 -39.5366450902657 -56.2288680328038 -4820.85161088719 -4.3270479963553 -100.937912478116
17 -1166.46182290481 -1.19036057810717 -4.3270479963553 -143.999946004669 -71.9999862610621
17 -585.959105180223 359.445084882282 -100.937912478116 -71.9999862610621 -71.9999862610621
18 -9518.28282597944 -23.6157946744697 20.7138234031845 -1153.718432235 -581.835484865678
18 -23.6157946744697 -4811.70760232885 -14.6008344756865 -11.0759800406868 365.276012985305
18 20.7138234031845 -14.6008344756865 -4706.55428600253 4.98436140361491 -63.2021474160638
18 -1153.718432235 -11.0759800406868 4.98436140361491 -144.00048155494 -72.0007857779592
18 -581.835484865678 365.276012985305 -63.2021474160638 -72.0007857779592 -72.0007857779592
19 -8628.28690311801 482.852576055848 -156.535083178255 -1097.56851612985 -579.139411009066
19 482.852576055848 -4101.22006333324 246.702884368233 21.6187011687907 331.767827503882
19 -156.535083178255 246.702884368233 -4527.05074235382 -15.870007985086 -146.816292598828
19 -1097.56851612985 21.6187011687907 -15.870007985086 -144.000571708602 -72.0006621008906
19 -579.139411009066 331.767827503882 -146.816292598828 -72.0006621008906 -72.0006621008906
265 -8299.06303275152 132.07640186863 -40.6422365557546 -1077.26372530692 -547.318868754587
265 132.07640186863 -4042.20592214699 -82.2538443117082 8.86444654213392 320.911143134595
265 -40.6422365557546 -82.2538443117082 -4256.84335124288 -1.55849201632918 -109.956648898901
265 -1077.26372530692 8.86444654213392 -1.55849201632918 -143.999986718768 -72.0000018787914
265 -547.318868754587 320.911143134595 -109.956648898901 -72.0000018787914 -72.0000018930023
517 -6427.43863172512 25.0969792290334 -18.1701457862005 -945.363959964141 -475.519723785567
517 25.0969792290334 -3219.60639310248 11.672828385656 -0.322537054842087 293.030539626926
517 -18.1701457862005 11.672828385656 -3207.82557223964 -2.90321995066734 -78.2904371305904
517 -945.363959964141 -0.322537054842087 -2.90321995066734 -144.000026978119 -71.9999745228961
517 -475.519723785567 293.030539626926 -78.2904371305904 -71.9999745228961 -71.9999745228961
20 -10408.744277953 211.906287972852 -23.4932902429819 -1210.43143416699 -613.517432597632
20 211.906287972852 -5123.52940890537 -267.782269219197 15.5887543371591 382.081244787003
20 -23.4932902429819 -267.782269219197 -5285.18905591113 4.38977546934893 -73.5289022344432
20 -1210.43143416699 15.5887543371591 4.38977546934893 -143.999999863809 -72.0000945193533
20 -613.517432597632 382.081244787003 -73.5289022344432 -72.0000945193533 -72.0000945051424
266 -9763.80866079296 -300.599003779212 100.878740909138 -1170.43413611384 -571.153712527916
266 -300.599003779212 -4917.84279381591 -189.996375212331 -18.5594758903562 359.248942181978
266 100.878740909138 -189.996375212331 -4845.94447006259 16.6066925260111 -59.5127264375606
266 -1170.43413611384 -18.5594758903562 16.6066925260111 -144.001906718927 -72.0008687693507
266 -571.153712527916 359.248942181978 -59.5127264375606 -72.0008687693507 -72.0008687551399
21 -8712.95536187233 318.730751857288 -54.2531360139265 -1104.60997073858 -573.747666678059
21 318.730751857288 -4233.80452775746 -60.3527102498447 12.006226000949 342.682357391766
21 -54.2531360139265 -60.3527102498447 -4479.13474421568 1.57695451719064 -69.6555649284392
21 -1104.60997073858 12.006226000949 1.57695451719064 -143.991053690229 -72.000393274152
21 -573.747666678059 342.682357391766 -69.6555649284392 -72.000393274152 -72.000393274152
22 -8329.29583681619 -8.31354023489439 54.5998751135812 -1079.78897895578 -540.757381614299
22 -8.31354023489439 -4291.39183148664 49.0777124753095 -0.698303324497829 340.496271121538
22 54.5998751135812 49.0777124753095 -4037.89017907741 13.4166185077333 -91.5636745730808
22 -1079.78897895578 -0.698303324497829 13.4166185077333 -144.000287477297 -72.0001397951364
22 -540.757381614299 340.496271121538 -91.5636745730808 -72.0001397951364 -72.0001398093473
267 -8402.53301906557 112.884892359943 -17.3773640028685 -1085.0803318192 -548.340888045118
267 112.884892359943 -3972.53567170708 110.770757657974 11.5963780586981 328.547742327601
267 -17.3773640028685 110.770757657974 -4429.98250942139 1.72989798841172 -110.077501815908
267 -1085.0803318192 11.5963780586981 1.72989798841172 -144.000292124247 -72.000474311551
267 -548.340888045118 328.547742327601 -110.077501815908 -72.000474311551 -72.0004743186564
763 -8399.88182895013 711.338677746198 -174.390504696476 -1082.43568287492 -579.250356601335
763 711.338677746198 -4228.43785004545 -144.480946886461 44.4861661890172 361.288602732657
763 -174.390504696476 -144.480946886461 -4171.42920682068 -11.9110793974642 -73.8149499426299
763 -1082.43568287492 44.4861661890172 -11.9110793974642 -143.999989219878 -72.0000503235951
763 -579.250356601335 361.288602732657 -73.8149499426299 -72.0000503235951 -72.0000503235951
23 -9775.93723293069 -88.974799879793 12.5508553026066 -1172.65408995593 -585.01447203696
23 -88.974799879793 -5123.70294646303 119.459148336887 -7.42487695504224 379.152326395626
23 12.5508553026066 119.459148336887 -4652.21244850511 -0.234589492720261 -101.243594187395
23 -1172.65408995593 -7.42487695504224 -0.234589492720261 -144.002328170245 -72.0017527129357
23 -585.01447203696 379.152326395626 -101.243594187395 -72.0017527129357 -72.001752684514
268 -7199.61043394335 299.298768553058 -90.4461444690696 -1000.312193014 -518.299496434338
268 299.298768553058 -3486.55872249992 -8.74625632718562 26.854685835076 312.760854193073
268 -90.4461444690696 -8.74625632718562 -3713.04189317812 -4.17038090461119 -93.0086170285449
268 -1000.312193014 26.854685835076 -4.17038090461119 -144.000032676672 -72.0000801948117
268 -518.299496434338 312.760854193073 -93.0086170285449 -72.0000801948117 -72.0000802090226
24 -11524.6026191755 -76.6231761843983 40.7289807498046 -1274.22997074689 -637.120038049943
24 -76.6231761843983 -5708.02699863293 173.816907590663 -11.3032239994482 376.308626918842
24 40.7289807498046 173.816907590663 -5816.54316339097 5.20283829530399 -157.855945396079
24 -1274.22997074689 -11.3032239994482 5.20283829530399 -143.998228764985 -71.9993854687573
24 -637.120038049943 376.308626918842 -157.855945396079 -71.9993854687573 -71.9993854545464
764 -9614.62244764277 -0.427971627914303 0.280905311456081 -1162.13890045458 -581.673530021476
764 -0.427971627914303 -5043.6862283334 87.1772761001921 -0.773804956111235 377.187911055898
764 0.280905311456081 87.1772761001921 -4570.91641386853 -5.48056343063763 -106.836783551501
764 -1162.13890045458 -0.773804956111235 -5.48056343063763 -144.001000094818 -72.0003542795666
764 -581.673530021476 377.187911055898 -106.836783551501 -72.0003542795666 -72.0003542937775
269 -10679.1215750661 299.801707427605 -97.1723393234925 -1225.97583542472 -624.985742192052
269 299.801707427605 -5345.46939319114 -188.175233873267 24.1094154347365 396.626976730374
269 -97.1723393234925 -188.175233873267 -5333.62413686689 0.149343890143427 -82.3155244944473
269 -1225.97583542472 24.1094154347365 0.149343890143427 -144.000585578397 -72.000374103709
269 -624.985742192052 396.626976730374 -82.3155244944473 -72.000374103709 -72.0003741179198
765 -10308.309036418 -201.3190825636 62.6581536096182 -1203.87492596308 -588.997307218619
765 -201.3190825636 -5447.13565074062 -73.3942751054428 -9.52927946684667 391.76593166701
765 62.6581536096182 -73.3942751054428 -4861.14773678992 2.87455522141045 -76.3023144401132
765 -1203.87492596308 -9.52927946684667 2.87455522141045 -144.000675533107 -72.0003314427231
765 -588.997307218619 391.76593166701 -76.3023144401132 -72.0003314427231 -72.000331456934
270 -10912.2427665795 -89.8042474233307 40.4817450601058 -1239.63897688384 -613.579308428314
270 -89.8042474233307 -5341.60518758142 150.894510738908 -1.765531422393 380.291847960734
270 40.4817450601058 150.894510738908 -5570.60848854007 10.929397760151 -105.181788136122
270 -1239.63897688384 -1.765531422393 10.929397760151 -143.95464899053 -72.0001729490605
270 -613.579308428314 380.291847960734 -105.181788136122 -72.0001729490605 -72.0001729348496
766 -9310.27308533316 117.308563886809 -18.548861845602 -1144.12025259014 -576.596405878149
766 117.308563886809 -4694.21357313138 259.287073362202 9.49227663227248 360.612126073079
766 -18.548861845602 259.287073362202 -4616.04108991764 3.43078721698475 -138.322250506917
766 -1144.12025259014 9.49227663227248 3.43078721698475 -144.00078215715 -72.0003793333035
766 -576.596405878149 360.612126073079 -138.322250506917 -72.0003793333035 -72.0003793475144
271 -9908.12262274687 -45.6388903415927 15.6888674638367 -1180.8748866855 -586.804823342391
271 -45.6388903415927 -4997.57568711345 136.149222456083 -0.840092909015766 373.425694618845
271 15.6888674638367 136.149222456083 -4910.52471487308 2.43209883876716 -93.9334024820937
271 -1180.8748866855 -0.840092909015766 2.43209883876716 -144.001071546995 -72.0003737342267
271 -586.804823342391 373.425694618845 -93.9334024820937 -72.0003737342267 -72.0003737342267
272 -10292.6200225824 660.572671861814 -199.776930514872 -1200.94597907894 -634.332561901374
272 660.572671861814 -5088.25488914511 146.062921345447 33.2503347379998 391.906156892219
272 -199.776930514872 146.062921345447 -5204.33965655798 -9.31174805884893 -101.336925325768
272 -1200.94597907894 33.2503347379998 -9.31174805884893 -144.00030066497 -72.0001310412499
272 -634.332561901374 391.906156892219 -101.336925325768 -72.0001310412499 -72.0001310412499
273 -8842.89705886942 590.727838201133 -178.982564520425 -1111.1173399172 -588.863623882219
273 590.727838201133 -4412.40464927262 19.1641148461485 35.2016961997492 361.443652678872
273 -178.982564520425 19.1641148461485 -4430.47559126342 -11.4495858269947 -103.680818618557
273 -1111.1173399172 35.2016961997492 -11.4495858269947 -144.000334714178 -72.0002054634961
273 -588.863623882219 361.443652678872 -103.680818618557 -72.0002054634961 -72.0002054634961
518 -10816.8635596542 46.2911232830265 -29.0701212435351 -1233.20488677336 -624.932252904387
518 46.2911232830265 -4958.50699049072 -64.4173662038838 -2.61528430200997 340.8964694529
518 -29.0701212435351 -64.4173662038838 -5858.32897461103 0.402440321067843 -134.684612824287
518 -1233.20488677336 -2.61528430200997 0.402440321067843 -143.932541689651 -71.9745377750769
518 -624.932252904387 340.8964694529 -134.684612824287 -71.9745377750769 -71.9745377466552
274 -8533.02000582801 380.621478214493 -81.1101428013217 -1091.63925289835 -565.870905873567
274 380.621478214493 -4245.77092154266 -119.098085463065 22.3680063271559 349.732555747551
274 -81.1101428013217 -119.098085463065 -4287.23393098096 -18.2086607054543 -73.6037297315306
274 -1091.63925289835 22.3680063271559 -18.2086607054543 -143.999997078481 -72.0000405749488
274 -565.870905873567 349.732555747551 -73.6037297315306 -72.0000405749488 -72.0000405891597
25 -10666.6302898475 166.533048471251 -20.1761823603874 -1224.97243407338 -618.709426575492
25 166.533048471251 -5354.0616539749 -60.8417648777504 8.53443094683826 387.067865190716
25 -20.1761823603874 -60.8417648777504 -5312.54116309299 0.350563823303673 -94.8261862490085
25 -1224.97243407338 8.53443094683826 0.350563823303673 -143.997833006893 -71.9989579778257
25 -618.709426575492 387.067865190716 -94.8261862490085 -71.9989579778257 -71.9989579778257
275 -10040.04077312 75.7214341291501 29.2457342965236 -1189.03289803995 -599.173955677657
275 75.7214341291501 -4934.70465536916 -106.483650014866 4.7300791266025 368.335404417053
275 29.2457342965236 -106.483650014866 -5105.31282476734 5.70885201511828 -78.0661107810943
275 -1189.03289803995 4.7300791266025 5.70885201511828 -143.972577717477 -71.9723520461457
275 -599.173955677657 368.335404417053 -78.0661107810943 -71.9723520461457 -71.9723520461457
276 -8729.92836281128 203.412577008066 -58.0340799842816 -1105.89964934604 -560.161916496327
276 203.412577008066 -4589.34244856835 -2.18691693021356 19.9236886686549 376.905297272856
276 -58.0340799842816 -2.18691693021356 -4140.5699510193 -1.24509598720124 -71.5616220858806
276 -1105.89964934604 19.9236886686549 -1.24509598720124 -143.978931461675 -71.9944614218093
276 -560.161916496327 376.905297272856 -71.5616220858806 -71.9944614218093 -71.9944614218093
26 -9654.87253210995 640.060333282122 -178.349271337197 -1161.33413449404 -614.979226412515
26 640.060333282122 -4784.07004594317 188.495511039832 33.8714152974262 380.703009398076
26 -178.349271337197 188.495511039832 -4870.78008148956 -15.9207275913786 -122.854498442848
26 -1161.33413449404 33.8714152974262 -15.9207275913786 -144.000018650559 -72.0002108920426
26 -614.979226412515 380.703009398076 -122.854498442848 -72.0002108920426 -72.0002108920426
519 -9763.02063136814 413.488166230991 -87.0019250811538 -1171.07915413328 -602.133877912081
519 413.488166230991 -4938.61619588642 -212.701607438248 30.0714616869868 382.258696163262
519 -87.0019250811538 -212.701607438248 -4824.38292537779 -8.13646451547356 -69.7207593702842
519 -1171.07915413328 30.0714616869868 -8.13646451547356 -143.9986682783 -71.999414494428
519 -602.133877912081 382.258696163262 -69.7207593702842 -71.999414494428 -71.9994145015335
