1 -1449671.1522571 1371151.57280718 -1376998.50174685 22975.8329038319 -1405982.34789707
1 1371151.57280718 -1463799.34903365 1366451.76726152 1372685.44003775 1455958.22892327
1 -1376998.50174685 1366451.76726152 -1440119.11263999 -1318731.93933647 -1370172.38525108
1 22975.8329038319 1372685.44003775 -1318731.93933647 -97031.8774330678 -1458661.92871285
1 -1405982.34789707 1455958.22892327 -1370172.38525108 -1458661.92871285 -1548483.68978246
2 0 0 0 0 0
2 0 0 0 0 0
2 0 0 0 0 0
2 0 0 0 0 0
2 0 0 0 0 0
3 -1537365.23996838 1268553.38138105 103180.95919331 85910.7663579692 117013.746706149
3 1268553.38138105 -1481846.66440059 72275.2280891541 -36140.4798326816 -53942.8914280649
3 103180.95919331 72275.2280891541 -172906.417946137 103683.949002189 79436.3019741837
3 85910.7663579692 -36140.4798326816 103683.949002189 -1489328.28711528 -15400.1311497041
3 117013.746706149 -53942.8914280649 79436.3019741837 -15400.1311497041 -1488278.27105254
4 0 0 0 0 0
4 0 0 0 0 0
4 0 0 0 0 0
4 0 0 0 0 0
4 0 0 0 0 0
5 -2806930.46931336 56199.5255045247 -1455376.83650579 -1446096.05414784 -1485395.56050304
5 56199.5255045247 -2864131.69304438 -1494934.2506371 -1464038.10563656 -1464409.98283107
5 -1455376.83650579 -1494934.2506371 -1421793.4524886 -6614.9148258603 31960.6231629876
5 -1446096.05414784 -1464038.10563656 -6614.9148258603 74280.2381444676 74405.0833487506
5 -1485395.56050304 -1464409.98283107 31960.6231629876 74405.0833487506 35939.6117248139
6 -1679367.29590335 1194896.76449368 -1270650.43859707 -1614678.91978263 -1601505.75796679
6 1194896.76449368 -292809.610159338 1636265.81251233 -177474.38433868 -183125.954265435
6 -1270650.43859707 1636265.81251233 -1560611.37091004 -1409482.16454125 -1463887.56391732
6 -1614678.91978263 -177474.38433868 -1409482.16454125 -119523.172040573 2835.52165912226
6 -1601505.75796679 -183125.954265435 -1463887.56391732 2835.52165912226 -127200.679130937
7 -1627022.1667944 1213762.95731528 1558206.76278347 -1635809.3117756 -1633206.82337046
7 1213762.95731528 -1417784.75395139 -1251810.88432339 1406623.33432212 1407635.73366644
7 1558206.76278347 -1251810.88432339 -1645522.62611002 178894.921043621 158857.094037657
7 -1635809.3117756 1406623.33432212 178894.921043621 -70644.9493312675 -6815.09353553622
7 -1633206.82337046 1407635.73366644 158857.094037657 -6815.09353553622 -61359.9181370148
8 0 0 0 0 0
8 0 0 0 0 0
8 0 0 0 0 0
8 0 0 0 0 0
8 0 0 0 0 0
9 -1796564.09939923 1413803.64446388 -1139627.65718895 -1444917.71051732 -1428496.01023705
9 1413803.64446388 -111647.215759803 1421514.79623138 -11149.4168710351 -11620.3507544697
9 -1139627.65718895 1421514.79623138 -1807519.24796743 -1435161.04835597 -1418905.19458562
9 -1444917.71051732 -11149.4168710351 -1435161.04835597 -124997.338205503 -112678.668076313
9 -1428496.01023705 -11620.3507544697 -1418905.19458562 -112678.668076313 -121120.688482733
10 0 0 0 0 0
10 0 0 0 0 0
10 0 0 0 0 0
10 0 0 0 0 0
10 0 0 0 0 0
11 -1447333.84906456 -1448060.38512294 -30749.0878863632 -34207.0140085298 -43390.8243831809
11 -1448060.38512294 -1441457.94724915 63204.7262876938 2077.14552772131 67997.3962487424
11 -30749.0878863632 63204.7262876938 59954.505450321 6725.26229520543 66906.2167385306
11 -34207.0140085298 2077.14552772131 6725.26229520543 63506.6689981443 66348.9403602853
11 -43390.8243831809 67997.3962487424 66906.2167385306 66348.9403602853 67741.7906109952
12 -2817277.6337114 -36127.1567014114 1501094.43669609 -1324135.32587522 -1393645.63980973
12 -36127.1567014114 -2830023.79182662 -2897527.09930437 -81069.2073666388 1453046.79261687
12 1501094.43669609 -2897527.09930437 -1468763.59576626 -1485586.21027109 -1458569.77975906
12 -1324135.32587522 -81069.2073666388 -1485586.21027109 -9585.15006445282 -22428.1162040114
12 -1393645.63980973 1453046.79261687 -1458569.77975906 -22428.1162040114 -6612.98937973243
13 -1966516.60044164 1534880.70447965 -1704922.97125857 -1611692.38350866 -1620937.50876634
13 1534880.70447965 -389029.247237431 1491343.64307808 74599.2873492511 70642.0990447896
13 -1704922.97125857 1491343.64307808 -1827969.85749613 -1318712.50450772 -1323674.72219213
13 -1611692.38350866 74599.2873492511 -1318712.50450772 -265131.287993853 -250595.720779209
13 -1620937.50876634 70642.0990447896 -1323674.72219213 -250595.720779209 -255093.677848322
14 -3053495.73346353 1338193.61302932 166802.09283362 -1436457.3646282 -2915794.46942836
14 1338193.61302932 -203576.054320564 99892.6651152487 -9280.96286587277 60396.8245743118
14 166802.09283362 99892.6651152487 -3090519.57187057 1524302.01559365 1556178.68226585
14 -1436457.3646282 -9280.96286587277 1524302.01559365 -134258.749467193 -70405.9155259387
14 -2915794.46942836 60396.8245743118 1556178.68226585 -70405.9155259387 -135261.828458738
15 -2836591.56184486 -1530809.13226078 113900.645536006 28286.7766195238 45953.7223424533
15 -1530809.13226078 -1474047.66330278 1473511.1950578 -1499471.44760809 -1538210.23593186
15 113900.645536006 1473511.1950578 -2894063.33372372 -27351.9894237566 20103.4625091908
15 28286.7766195238 -1499471.44760809 -27351.9894237566 -1458036.45033011 -1481432.48675299
15 45953.7223424533 -1538210.23593186 20103.4625091908 -1481432.48675299 -1473861.49763339
16 -1945103.03428567 -1186711.43993498 1453678.95305239 -1432751.71670686 -1365367.6330035
16 -1186711.43993498 -1746105.20838141 1441553.21613317 -1430010.90813971 -1199605.35538397
16 1453678.95305239 1441553.21613317 -278893.640456317 -658.420304645801 73626.5074492195
16 -1432751.71670686 -1430010.90813971 -658.420304645801 -316689.111437427 -74638.8554595541
16 -1365367.6330035 -1199605.35538397 73626.5074492195 -74638.8554595541 -317786.205974642
17 0 0 0 0 0
17 0 0 0 0 0
17 0 0 0 0 0
17 0 0 0 0 0
17 0 0 0 0 0
18 0 0 0 0 0
18 0 0 0 0 0
18 0 0 0 0 0
18 0 0 0 0 0
18 0 0 0 0 0
19 -1648948.02052109 -1457672.26769303 -272919.398297972 -83050.0844181472 -143463.104297823
19 -1457672.26769303 -1476151.45711225 -37774.6812102657 18030.2870470967 19685.6100643998
19 -272919.398297972 -37774.6812102657 -1684576.55675209 -121230.751734373 -180218.958302433
19 -83050.0844181472 18030.2870470967 -121230.751734373 -1526600.69669045 -1520073.08639824
19 -143463.104297823 19685.6100643998 -180218.958302433 -1520073.08639824 -1581219.652225
20 -2813311.3743018 87992.2415490455 87530.2916353178 -49521.368786742 -88377.4692164252
20 87992.2415490455 -2980600.63237091 -2882825.01891678 -1468905.1696587 33167.5659405732
20 87530.2916353178 -2882825.01891678 -3074600.18873192 1611173.27205402 1606495.79769539
20 -49521.368786742 -1468905.1696587 1611173.27205402 -92891.2170254819 -1464653.67216749
20 -88377.4692164252 33167.5659405732 1606495.79769539 -1464653.67216749 -1583579.62327025
21 0 0 0 0 0
21 0 0 0 0 0
21 0 0 0 0 0
21 0 0 0 0 0
21 0 0 0 0 0
